1.6882e+09
1.4465e+09
2.4779e+09
1.8054e+09
8.3915e+08
3.5169e+09
5.8355e+08
3.9035e+09
2.615e+09
4.0453e+09
7.0418e+08
4.527e+08
3.8661e+07
8.6268e+08
4.1521e+09
1.5873e+09
9.4197e+08
3.826e+09
3.4408e+09
3.6921e+09
1.5974e+09
1.598e+09
4.2499e+09
3.9853e+09
1.6938e+09
3.6335e+09
3.0256e+09
4.122e+09
1.5402e+09
1.8168e+09
3.8405e+09
3.5991e+09
1.5606e+09
3.6917e+09
4.0354e+09
9.6138e+08
9.1214e+08
3.2046e+09
3.7624e+09
1.951e+08
3.152e+09
3.9846e+09
3.983e+09
4.2942e+09
3.5153e+09
3.8455e+09
8.8054e+08
4.2003e+08
2.8805e+09
4.5106e+08
3.2097e+09
8.4646e+08
2.0452e+09
1.4641e+09
4.0103e+09
3.3165e+08
3.1384e+09
6.0501e+08
8.4928e+08
1.7127e+09
1.1238e+09
3.4519e+09
3.254e+08
1.2834e+09
2.9784e+09
4.2684e+08
3.5491e+09
4.2046e+08
3.8013e+08
2.5518e+09
2.0824e+08
1.6697e+09
3.6642e+09
1.4815e+08
3.6941e+09
3.7735e+09
8.3498e+08
2.6898e+09
4.0352e+09
3.9351e+09
3.0828e+09
4.2373e+09
2.691e+09
8.9735e+08
7.9745e+08
2.0866e+09
3.8498e+09
3.6813e+08
7.7501e+06
1.7986e+09
3.581e+08
3.9289e+09
1.5396e+09
9.8183e+08
1.9808e+09
2.2937e+09
3.8437e+09
4.1288e+09
1.7927e+09
3.4714e+09
3.6984e+09
4.1725e+09
3.1463e+09
4.2489e+09
5.7689e+08
3.9799e+09
1.4733e+09
4.1657e+09
6.3191e+08
3.9764e+09
6.3798e+08
8.0217e+08
2.8964e+09
9.123e+08
3.8785e+09
3.1727e+09
4.4681e+08
3.6323e+09
8.215e+08
9.8054e+08
1.0588e+09
1.9587e+09
1.2318e+09
4.1826e+08
2.0339e+08
1.5929e+09
3.7075e+09
2.6958e+09
8.4515e+08
2.956e+09
1.1839e+09
1.6678e+09
2.5635e+09
3.0032e+09
3.9248e+09
9.8683e+08
1.3829e+08
7.4189e+08
8.5399e+08
1.328e+09
3.7831e+09
3.3798e+09
3.7789e+09
9.4985e+08
4.2393e+08
7.161e+08
1.8404e+09
2.1896e+09
1.9359e+09
7.2771e+08
3.2486e+09
3.4815e+09
3.1719e+09
1.6414e+09
2.5422e+09
1.3764e+09
1.5787e+09
7.9836e+08
1.3372e+08
1.2321e+08
9.1447e+08
3.883e+09
5.0281e+08
2.9144e+09
2.3439e+09
3.9442e+09
2.2734e+09
1.69e+09
3.5391e+09
1.9895e+09
3.4021e+09
3.1629e+09
4.1516e+09
3.4492e+09
8.5751e+08
1.8804e+09
3.6714e+09
3.6986e+09
1.6859e+09
3.1291e+09
2.9591e+09
1.5034e+09
3.1752e+09
2.5854e+09
2.2159e+08
2.0504e+09
6.8167e+08
2.1246e+09
2.8279e+08
6.5101e+07
2.4009e+09
7.7191e+08
3.5948e+09
4.1523e+09
1.4906e+09
3.4125e+09
1.56e+08
7.8847e+08
3.7519e+09
1.9826e+09
8.1748e+08
2.2217e+09
2.6354e+09
2.1133e+08
3.7156e+09
3.2769e+09
1.1574e+09
9.5844e+08
3.5931e+09
2.0398e+09
2.9697e+09
3.7387e+09
1.9863e+09
4.3877e+08
2.2567e+08
2.4758e+09
2.3405e+09
3.694e+09
6.5805e+08
7.4228e+08
1.0769e+09
1.3402e+09
3.4135e+09
3.5252e+09
3.4585e+09
3.2673e+09
2.7228e+09
1.3841e+09
1.8275e+09
2.5716e+09
4.0015e+09
3.6038e+09
3.8085e+09
8.0453e+08
1.9751e+09
6.0167e+08
7.9614e+08
1.5428e+09
3.8538e+09
7.7897e+08
3.527e+09
8.4912e+08
1.4638e+09
4.1132e+09
3.1033e+09
3.4134e+09
1.5922e+09
2.718e+09
1.3054e+09
3.7529e+09
4.1379e+09
2.0849e+09
2.9301e+09
1.427e+09
7.9831e+08
3.5225e+09
1.5911e+08
4.7339e+08
2.7429e+09
3.0361e+09
6.927e+07
2.2895e+09
1.0895e+09
2.9329e+08
3.6154e+09
4.5857e+08
1.1518e+09
3.8881e+09
4.1512e+09
4.234e+09
2.8642e+08
3.4007e+09
3.8347e+08
1.2939e+09
1.528e+09
2.824e+09
3.0041e+09
1.7683e+09
4.2051e+09
1.7671e+09
3.7662e+09
3.8203e+09
2.3878e+09
1.0698e+08
3.9897e+09
7.8476e+08
5.2743e+08
1.8827e+09
3.7128e+09
1.1192e+08
5.3055e+08
2.9606e+08
4.5937e+08
3.557e+09
9.3006e+08
3.6771e+09
6.0737e+08
1.6102e+09
1.5755e+09
2.8692e+09
3.9301e+09
2.1918e+09
3.3873e+08
2.0368e+09
2.5526e+09
4.2342e+09
1.1863e+09
7.1563e+08
2.3234e+09
9.7212e+08
1.8348e+09
2.6485e+09
2.6805e+09
2.5597e+08
3.7717e+09
2.9851e+09
6.8124e+08
2.6507e+09
2.422e+09
4.1349e+09
4.2854e+09
2.2108e+09
3.0372e+09
2.2972e+09
4.6968e+07
3.9537e+09
1.6036e+09
6.4749e+08
2.3158e+09
8.7491e+08
4.2609e+09
4.0126e+08
3.5238e+09
2.9332e+09
1.1749e+09
2.973e+08
8.3194e+08
2.283e+09
2.9175e+09
2.9291e+09
3.6846e+08
4.235e+09
2.6973e+09
4.8827e+08
1.1791e+09
2.2827e+09
2.5168e+09
7.0506e+08
2.7549e+09
5.9422e+08
4.5893e+08
2.5736e+09
3.3711e+09
2.626e+09
4.2451e+09
1.6987e+09
7.9986e+08
1.1256e+09
9.4095e+08
1.8905e+09
2.9901e+09
3.8285e+09
2.8723e+09
1.8076e+09
2.5209e+09
1.0195e+09
8.3884e+08
3.412e+09
3.2849e+09
3.0435e+09
1.9573e+09
2.6916e+09
3.173e+09
2.6827e+08
1.2718e+09
1.037e+09
8.2508e+08
3.9731e+09
2.3347e+08
5.7565e+07
2.6237e+09
1.3759e+09
2.6061e+09
1.4787e+09
5.5596e+08
3.8527e+09
4.1581e+09
3.632e+09
3.55e+08
3.4541e+09
4.198e+09
3.1865e+09
1.8897e+09
2.0577e+09
3.8401e+06
1.5382e+09
1.4588e+09
9.4413e+08
1.9107e+09
4.564e+08
7.6788e+08
1.3459e+09
2.2363e+09
1.7924e+08
2.8047e+08
1.4181e+09
1.0982e+09
3.0701e+09
8.9973e+08
3.8166e+09
3.1592e+09
2.0185e+09
3.9017e+09
8.6747e+08
4.3382e+07
1.783e+09
3.5306e+09
1.6866e+09
1.6957e+09
1.0822e+09
2.2096e+09
4.0352e+09
7.4563e+08
7.2084e+08
3.0879e+09
2.4964e+09
4.1503e+08
2.7226e+09
9.448e+08
1.2942e+09
2.2958e+08
3.0892e+09
9.3252e+08
1.3529e+09
2.0236e+09
9.6996e+08
2.4654e+09
3.5842e+09
1.1253e+09
3.4154e+09
3.6796e+09
7.842e+08
3.5164e+09
1.5556e+09
1.5276e+08
3.243e+09
1.9557e+09
3.1463e+08
2.9838e+07
1.6376e+09
1.7041e+09
2.4337e+08
4.0164e+09
3.559e+09
2.2171e+09
1.7096e+09
2.7436e+09
3.6173e+06
1.9898e+09
1.1012e+08
4.2834e+09
9.6303e+08
3.6786e+09
2.4461e+09
1.514e+09
9.99e+08
2.2899e+09
2.8395e+09
1.0923e+09
8.007e+08
1.4087e+09
4.2484e+08
1.9297e+09
2.4769e+09
3.1224e+08
1.2576e+09
3.7088e+08
1.1822e+09
3.899e+09
6.9006e+08
2.4635e+09
5.8108e+08
3.9242e+09
3.3752e+09
3.3405e+09
3.369e+09
1.9034e+09
1.2296e+09
3.022e+09
1.3854e+09
3.5263e+09
3.4546e+09
1.2898e+09
2.9065e+09
1.6836e+09
2.3756e+09
3.3812e+09
2.6176e+09
1.6886e+09
4.3156e+08
1.3015e+09
2.0309e+09
3.997e+09
4.039e+09
1.4354e+09
1.986e+09
2.1936e+08
3.4165e+09
2.395e+09
1.8699e+09
2.008e+09
6.1399e+08
3.3328e+09
8.0247e+08
1.5763e+09
2.6259e+09
1.6936e+09
3.5014e+09
1.9999e+09
3.7022e+08
4.228e+09
4.2779e+09
2.5275e+09
3.8641e+08
3.1408e+09
1.9128e+09
6.9791e+08
1.2258e+09
1.9921e+09
1.5919e+09
2.1738e+09
1.542e+09
2.3946e+09
2.4102e+09
2.9472e+09
2.6368e+09
1.595e+07
4.2923e+09
6.0153e+08
2.7907e+09
1.4017e+09
3.0096e+09
1.1524e+09
4.1696e+09
3.3158e+09
3.452e+08
2.0493e+09
2.8489e+09
3.6677e+09
3.0123e+09
7.7044e+08
3.023e+09
3.336e+09
2.5066e+09
3.3196e+09
3.2488e+09
3.6794e+09
2.7249e+09
7.3889e+08
8.7384e+08
6.9361e+07
1.0436e+09
1.7872e+09
1.7949e+08
5.6882e+08
3.9957e+09
8.3368e+08
4.033e+09
2.962e+09
8.0273e+08
2.7914e+09
3.6903e+09
2.0179e+09
2.8568e+08
3.9593e+09
3.3002e+08
5.9472e+08
3.786e+09
1.7795e+09
3.0849e+09
3.7905e+09
3.3694e+09
2.5958e+09
2.2929e+09
3.294e+09
1.5287e+09
1.4121e+08
1.1061e+09
3.984e+09
1.6789e+09
3.8549e+08
2.6295e+09
4.2487e+09
3.035e+09
1.0386e+09
9.4511e+08
3.3553e+08
9.0391e+08
1.3803e+09
3.2737e+09
1.2343e+09
2.4168e+09
3.7445e+09
3.9558e+09
3.8726e+09
3.9352e+09
2.963e+08
4.2253e+09
1.8438e+09
3.6149e+09
4.1851e+09
4.0678e+09
3.484e+09
5.0385e+08
2.9517e+09
2.3155e+09
4.69e+08
1.8614e+09
2.4571e+09
1.4826e+09
3.2943e+09
2.6622e+09
1.5826e+09
6.1469e+08
158
