5226
2046
3526
2428
5679
2878
2207
2068
2757
3858
3819
76033
3840
2106
4588
2097
2803
3322
8562
2698
3137
3629
2059
5114
2196
1289
2284
1091
1071
1811
1052
2183
1034
1116
4310
4310
1094
770
2413
787
1194
2297
1278
1342
1389
1076
1576
678
1341
1246
769
1434
2315
391
1269
796
905
1338
912
630
732
1061
576
754
969
586
634
766
511
543
1125
1299
1750
1187
2501
412
540
384
704
1590
614
537
1404
471
759
1776
652
631
439
520
1206
715
707
733
804
475
726
751
550
639
496
441
1199
451
436
586
419
280
664
555
365
345
520
1599
448
1277
408
769
625
337
313
720
1201
317
610
383
381
412
385
507
360
402
675
283
383
863
413
565
514
340
269
363
237
528
359
358
389
402
304
485
471
374
386
311
805
433
308
727
373
370
473
398
490
295
456
299
223
298
335
346
382
345
281
348
515
932
605
656
497
422
556
327
767
345
15
337
482
357
645
225
409
292
356
197
360
322
302
177
513
396
379
352
397
426
372
273
366
281
380
439
213
275
434
509
428
687
280
302
1063
308
390
169
300
527
371
486
400
296
233
246
212
302
317
294
133
288
442
475
244
351
353
319
265
358
327
434
279
398
335
351
245
250
399
230
423
603
219
360
345
232
323
211
375
232
336
672
185
313
270
199
294
432
246
386
385
246
380
364
240
273
264
288
316
197
260
303
233
315
305
310
232
313
184
469
176
590
221
329
289
381
219
253
210
301
220
93
316
265
323
232
191
216
341
199
301
262
125
267
313
349
395
226
336
242
190
236
239
321
270
14
65
380
182
300
233
237
251
151
265
358
237
510
213
180
163
287
259
234
283
427
223
236
155
298
271
176
236
136
285
238
182
477
202
322
216
152
330
254
238
138
248
188
329
190
306
248
251
508
621
337
327
203
192
192
168
205
166
151
250
314
278
198
206
214
288
260
208
282
190
441
227
139
470
214
139
183
209
222
354
216
187
201
142
195
214
283
283
203
180
214
216
295
457
414
164
313
178
382
166
188
194
150
281
221
180
234
284
170
118
138
171
189
192
258
452
295
410
132
306
258
237
187
316
197
244
119
188
202
138
174
181
236
241
187
54
281
236
206
196
145
297
200
256
337
223
195
176
216
169
246
345
173
442
143
148
178
212
295
225
173
195
262
198
159
243
344
171
282
223
215
