256
284
237
284
276
277
277
288
231
253
252
289
286
263
265
231
288
291
285
255
290
246
234
246
270
236
226
171
213
234
229
209
214
219
232
248
214
233
209
205
155
226
228
251
219
216
211
224
241
241
188
222
226
140
197
209
232
220
184
194
212
138
205
191
201
190
190
201
192
131
197
224
199
148
200
127
194
119
131
191
200
186
203
177
138
196
207
191
136
134
147
149
183
175
128
134
143
137
135
175
172
179
185
111
125
161
133
122
108
183
100
122
185
187
171
134
124
184
100
96
120
166
125
175
157
113
106
114
104
110
149
123
170
91
96
110
160
96
107
105
111
104
115
175
159
97
110
114
111
165
142
115
132
144
169
147
109
102
177
162
153
155
99
104
152
96
112
145
142
110
117
139
107
101
149
139
165
115
155
145
103
142
103
149
3
138
100
157
152
93
102
148
144
90
151
100
111
78
95
107
95
108
121
102
93
141
144
79
117
98
98
89
115
150
108
99
104
106
84
117
93
78
137
134
130
84
121
91
41
81
87
82
113
92
36
112
81
134
120
137
106
133
93
131
118
89
98
141
134
90
109
118
113
91
80
104
96
115
148
79
130
90
102
89
69
100
98
132
76
94
65
81
99
94
90
75
117
114
85
119
119
115
103
75
76
96
70
85
83
81
91
131
96
70
80
105
108
119
126
82
72
82
72
94
117
5
119
76
83
130
81
88
74
82
92
76
76
68
132
75
113
82
86
121
73
78
107
69
78
2
21
105
69
111
77
71
61
60
84
107
85
99
93
68
69
93
105
56
111
78
111
74
67
66
70
90
106
107
78
98
65
99
84
100
87
80
93
113
76
72
122
84
80
64
102
72
73
111
67
71
69
65
63
80
67
88
100
68
78
60
95
96
90
38
104
77
72
113
66
106
106
60
59
72
48
78
80
75
66
72
66
88
71
67
63
103
97
71
92
115
57
70
90
63
85
60
42
61
50
95
78
68
55
76
80
69
79
78
62
51
44
49
64
75
74
74
62
29
58
72
57
62
87
48
57
26
77
100
9
26
46
57
68
72
7
60
53
108
76
67
112
44
62
76
51
64
57
84
55
54
55
84
68
24
74
26
56
42
47
78
71
48
30
34
100
62
77
83
58
82
