128
100
147
100
108
107
107
96
153
131
132
95
98
121
119
153
96
93
99
129
94
138
150
138
114
148
158
213
171
150
155
175
170
165
152
136
170
151
175
179
229
158
156
133
165
168
173
160
143
143
196
162
158
244
187
175
152
164
200
190
172
246
179
193
183
194
194
183
192
253
187
160
185
236
184
257
190
265
253
193
184
198
181
207
246
188
177
193
248
250
237
235
201
209
256
250
241
247
249
209
212
205
199
273
259
223
251
262
276
201
284
262
199
197
213
250
260
200
284
288
264
218
259
209
227
271
278
270
280
274
235
261
214
293
288
274
224
288
277
279
273
280
269
209
225
287
274
270
273
219
242
269
252
240
215
237
275
282
207
222
231
229
285
280
232
288
272
239
242
274
267
245
277
283
235
245
219
269
229
239
281
242
281
235
381
246
284
227
232
291
282
236
240
294
233
284
273
306
289
277
289
276
263
282
291
243
240
305
267
286
286
295
269
234
276
285
280
278
300
267
291
306
247
250
254
300
263
293
343
303
297
302
271
292
348
272
303
250
264
247
278
251
291
253
266
295
286
243
250
294
275
266
271
293
304
280
288
269
236
305
254
294
282
295
315
284
286
252
308
290
319
303
285
290
294
309
267
270
299
265
265
269
281
309
308
288
314
299
301
303
293
253
288
314
304
279
276
265
258
302
312
302
312
290
267
379
265
308
301
254
303
296
310
302
292
308
308
316
252
309
271
302
298
263
311
306
277
315
306
382
363
279
315
273
307
313
323
324
300
277
299
285
291
316
315
291
279
328
273
306
273
310
317
318
314
294
278
277
306
286
319
285
300
284
297
304
291
271
308
312
262
300
304
320
282
312
311
273
317
313
315
319
321
304
317
296
284
316
306
324
289
288
294
346
280
307
312
271
318
278
278
324
325
312
336
306
304
309
318
312
318
296
313
317
321
281
287
313
292
269
327
314
294
321
299
324
342
323
334
289
306
316
329
308
304
315
305
306
322
333
340
335
320
309
310
310
322
355
326
312
327
322
297
336
327
358
307
284
375
358
338
327
316
312
377
324
331
276
308
317
272
340
322
308
333
320
327
300
329
330
329
300
316
360
310
358
328
342
337
306
313
336
354
350
284
322
307
301
326
302
