4.2098e+09
3.0199e+09
3.1106e+09
3.7677e+09
1.5643e+09
3.593e+09
6.5379e+08
3.6832e+09
1.9953e+09
2.2379e+09
2.1974e+09
1.4324e+09
1.8943e+09
1.088e+09
7.5326e+08
4.0451e+09
1.4559e+09
4.0222e+09
1.0123e+09
2.6853e+09
3.1489e+09
2.7476e+09
1.8524e+09
2.9913e+08
4.272e+08
6.6851e+08
7.8893e+08
2.7471e+09
3.5743e+09
4.1871e+09
2.7185e+09
1.5413e+09
3.177e+09
2.9079e+09
2.8262e+09
1.4399e+09
3.0271e+09
1.0988e+09
6.3136e+08
3.9608e+09
1.3492e+09
3.9718e+08
4.5634e+08
1.9856e+09
1.3739e+09
8.4709e+08
1.6739e+09
9.0227e+08
4.1058e+09
1.5079e+09
4.0237e+09
4.6098e+08
4.0247e+09
3.4799e+09
2.5183e+09
2.9178e+09
2.018e+09
1.4727e+09
3.6755e+09
1.1618e+09
3.703e+09
3.3752e+09
1.9038e+09
3.6692e+09
3.8098e+09
2.4907e+09
2.1694e+09
4.1738e+09
8.1036e+08
1.9717e+09
3.8579e+09
7.8133e+08
1.9521e+09
2.4404e+09
4.2955e+08
8.1029e+08
4.2483e+08
1.8739e+09
1.6967e+09
3.2017e+08
2.9573e+09
2.4013e+09
2.8722e+08
4.2708e+09
1.9781e+09
2.5483e+09
3.9082e+09
4.1347e+09
1.3035e+09
2.7196e+09
4.6041e+08
3.4243e+09
6.9673e+08
3.8928e+09
2.0852e+09
3.9062e+08
4.5053e+08
2.276e+09
9.2008e+08
2.0595e+09
3.4594e+09
4.2266e+09
1.589e+09
1.0892e+08
3.5128e+09
1.6268e+09
3.773e+09
1.9964e+09
3.6942e+09
2.7382e+09
4.0422e+09
7.9341e+08
3.4093e+09
2.8902e+09
2.5455e+09
6.0351e+08
2.2757e+08
6.1039e+08
1.1682e+09
1.3262e+06
3.8732e+09
3.1479e+09
2.2767e+09
3.7744e+09
1.1461e+09
3.9124e+08
3.996e+09
7.7653e+08
3.6169e+09
3.8941e+09
3.4083e+08
2.8103e+09
1.1734e+09
3.3856e+09
2.8126e+09
2.7062e+09
1.7111e+09
1.7496e+09
4.0533e+09
3.625e+08
3.1356e+09
3.5071e+09
4.599e+08
1.6226e+09
1.7584e+07
2.2666e+09
4.8284e+08
3.0203e+08
2.3736e+09
1.4309e+09
1.7254e+08
1.7824e+08
1.2931e+09
1.6432e+09
3.5807e+09
1.1888e+09
1.4206e+09
1.1165e+09
6.388e+08
3.3219e+09
3.9476e+09
3.8618e+08
6.4143e+08
1.4741e+08
7.2916e+08
2.6775e+09
9.983e+08
3.5777e+09
3.8393e+09
4.0512e+08
7.6409e+08
7.6248e+08
8.9419e+08
4.1889e+09
2.093e+09
2.9944e+08
3.6149e+08
1.7081e+09
5.8459e+08
2.9327e+09
1.0314e+09
3.6772e+09
3.7136e+09
4.2001e+09
1.9851e+09
2.5958e+09
2.15e+09
2.3135e+09
1.0268e+09
1.2157e+09
2.9078e+09
9.6477e+08
1.8837e+09
2.4053e+09
2.0231e+09
2.9425e+09
2.7755e+09
2.2188e+09
1.3037e+09
3.9318e+09
4.1896e+09
1.3424e+09
1.3693e+09
1.1298e+09
2.6588e+09
2.5152e+08
2.5426e+08
3.9641e+09
1.4489e+09
1.4199e+09
3.8408e+09
2.4547e+09
2.9475e+09
2.2687e+09
9.5857e+07
1.7876e+09
1.0534e+09
7.8581e+08
3.814e+09
3.9148e+09
2.1482e+09
8.5172e+08
2.8063e+09
1.4642e+09
2.1806e+09
3.7508e+09
2.7657e+09
1.4026e+08
1.248e+09
3.231e+09
3.0467e+09
4.0244e+09
2.1862e+08
3.9714e+09
3.0077e+09
2.0255e+09
1.9466e+09
3.0345e+09
3.4058e+09
3.0077e+09
1.2557e+09
8.5397e+08
2.697e+09
3.5419e+09
9.5452e+08
1.8739e+09
3.7504e+09
9.0531e+08
2.4691e+09
2.2252e+09
4.1178e+09
1.9898e+09
5.5893e+08
2.0079e+09
4.2337e+09
4.1543e+09
3.3114e+08
4.1987e+09
1.6727e+08
4.1877e+07
4.1748e+09
9.7196e+08
1.8846e+09
5.5231e+08
1.7561e+09
2.8876e+09
3.0092e+09
1.2566e+09
3.8606e+09
2.1273e+09
3.9141e+09
1.9379e+09
1.3611e+09
2.4114e+08
2.0546e+08
2.0335e+09
2.9509e+09
2.9786e+09
2.7075e+09
1.8914e+08
2.8373e+08
4.167e+09
2.6602e+08
8.5129e+08
4.1607e+09
3.8441e+09
8.0611e+08
3.1861e+09
5.8112e+08
8.6688e+08
3.5631e+08
2.8401e+09
4.1527e+09
1.147e+09
3.8984e+09
1.0908e+09
3.2742e+08
3.3223e+09
4.0711e+09
2.6795e+09
3.9749e+09
2.301e+09
2.9344e+09
3.2277e+09
8.6142e+08
4.2777e+09
4.2316e+08
1.7764e+09
7.5236e+08
1.5021e+08
3.88e+09
2.9615e+09
3.8865e+08
2.0264e+09
3.9149e+09
1.2712e+09
1.7125e+09
1.2103e+08
3.4407e+09
3.8634e+09
6.6859e+08
3.3094e+09
3.6766e+09
1.5164e+09
1.6777e+09
2.3489e+09
2.9399e+09
3.8046e+08
4.0941e+09
1.7793e+09
2.602e+09
4.221e+09
3.8281e+09
1.4174e+09
3.4339e+09
1.9236e+09
4.497e+08
3.6e+09
2.6096e+09
1.0461e+09
2.35e+09
1.5966e+09
1.8934e+09
1.4806e+09
3.695e+09
3.7898e+09
7.591e+08
2.4887e+09
1.1931e+09
3.6272e+09
6.4882e+08
3.3939e+09
2.4602e+09
2.1879e+09
1.7779e+09
3.9437e+09
9.0002e+08
3.8532e+08
7.6431e+08
1.7007e+09
8.2066e+08
3.1766e+09
1.1694e+09
3.0775e+08
2.1723e+09
6.7218e+08
6.1109e+07
3.9852e+07
2.9637e+08
4.165e+09
1.4786e+09
1.1794e+09
2.4522e+09
1.4824e+09
2.0199e+07
3.9561e+09
3.5864e+09
2.42e+09
4.1782e+09
4.2471e+09
2.5523e+09
3.4845e+09
2.5006e+09
2.4625e+09
2.7157e+09
1.9783e+09
3.4109e+09
1.1453e+08
3.6556e+09
5.6566e+07
3.3872e+08
3.6834e+09
1.0292e+09
1.0573e+09
1.0832e+09
2.2499e+09
1.9121e+09
2.335e+09
2.2469e+08
5.5677e+08
2.7352e+09
3.3369e+09
1.7857e+09
9.2028e+08
1.3016e+09
3.1919e+09
6.6427e+08
3.2741e+09
4.0806e+09
7.0314e+08
4.0699e+09
6.8556e+08
1.8293e+09
9.9934e+08
3.6479e+09
2.9172e+09
3.8297e+09
3.2137e+09
1.7706e+09
5.4557e+08
9.3457e+08
1.37e+09
3.5865e+09
7.5761e+08
2.9331e+09
8.9977e+08
4.106e+09
1.1268e+09
3.7968e+09
3.8345e+09
1.5102e+09
3.0278e+09
9.6631e+08
2.6595e+09
3.604e+09
2.7218e+09
3.5047e+09
1.8507e+08
9.342e+08
2.9228e+09
2.1421e+09
3.9862e+09
3.95e+09
1.0352e+09
3.695e+09
1.7917e+09
3.9712e+09
7.2255e+08
9.6089e+08
3.1142e+09
6.5244e+08
7.246e+08
3.0685e+09
1.1958e+09
1.5656e+09
1.5261e+09
2.1614e+09
2.0605e+09
5.2399e+08
2.6924e+09
2.4822e+09
2.9972e+09
8.6757e+08
1.9728e+09
4.5879e+08
2.6258e+09
1.9774e+09
2.7966e+09
4.0562e+09
2.6837e+09
1.1323e+09
5.5741e+08
2.1809e+09
4.732e+08
2.0368e+09
3.8714e+09
4.2541e+09
1.3007e+09
6.191e+08
3.0345e+08
2.7511e+09
1.0349e+09
1.0949e+09
2.5553e+09
2.4734e+09
2.0405e+09
4.1419e+09
3.4253e+09
2.6523e+09
1.7312e+09
2.0105e+09
6.1273e+08
2.8143e+09
2.2493e+09
4.1542e+09
2.84e+09
4.2109e+09
9.41e+08
3.4835e+09
2.027e+09
1.5863e+09
3.9413e+09
1.1915e+09
3.0625e+09
3.8781e+09
3.309e+09
3.6921e+09
2.2499e+09
4.1112e+09
2.6023e+08
3.94e+09
3.3558e+09
2.0992e+09
1.6551e+09
2.381e+09
1.5007e+09
2.5664e+09
2.1521e+09
3.4878e+09
1.7012e+09
3.6111e+09
1.2159e+09
4.175e+08
2.9327e+09
8.8342e+08
7.0843e+08
3.6925e+09
3.175e+09
2.7073e+09
3.0653e+09
2.1582e+09
2.0976e+09
4.9455e+08
1.0657e+09
1.3843e+08
1.8369e+09
3.885e+09
2.8264e+08
2.2918e+09
2.3724e+09
3.2383e+09
3.8536e+09
1.5091e+09
2.3695e+09
6.625e+08
1.8958e+09
1.2211e+09
3.224e+08
2.4869e+09
2.6884e+09
3.4283e+09
8.4963e+08
1.1879e+09
4.0912e+09
1.0918e+09
3.0233e+09
3.295e+09
1.0211e+09
5.2605e+08
1.6963e+09
3.1071e+08
6.8692e+08
2.0054e+09
6.0322e+07
1.8227e+09
1.2471e+09
5.5148e+07
3.8211e+08
6.119e+08
3.392e+08
2.849e+09
9.1886e+08
3.2771e+09
3.1176e+09
2.2216e+09
3.1954e+09
3.6411e+09
2.2237e+09
1.3829e+09
1.251e+08
3.7461e+09
4.124e+09
1.2091e+09
3.5847e+09
7.7535e+08
2.2286e+09
2.5966e+09
1.2028e+08
1.5933e+09
2.1719e+09
2.7558e+09
1.3352e+09
1.9144e+09
3.6953e+09
2.2286e+09
3.4729e+09
1.6965e+09
2.7753e+09
1.4004e+09
1.6664e+09
1.3447e+09
4.2788e+09
4.6406e+07
3.7746e+09
2.3487e+09
2.7463e+09
2.144e+09
1.4922e+09
7.0945e+08
1.5129e+09
3.808e+09
2.0513e+09
7.477e+08
2.5318e+09
1.2126e+09
1.5275e+09
3.5401e+09
3.7962e+09
1.0429e+09
2.7545e+09
2.6812e+09
9.2152e+08
1.0436e+09
2.0986e+08
118
