520054886
564014120
568452351
568696055
569486781
602588542
630626825
678577762
702714755
721313377
809652091
831764507
833359724
1027781596
1071694798
1095342398
1104805265
1128912275
1129417061
1132675917
1206588589
1259800482
1261228362
1299845628
1345579257
1353290645
1397923235
1416123103
1426538638
1466029627
1467080972
1484989483
1500176683
1500416719
1501013491
1511816332
1512473680
1517413618
1518331350
1531995715
1561912679
1607692250
1682206249
1766788311
100000188483682
100000412230914
100000560321906
100000581427293
100000697676133
100001264936373
100001684918756
100002599541483
100002671773175
