520054886
545652647
568452351
568696055
569486781
678577762
701419732
702714755
702964735
707338779
709909010
774507648
831764507
833359724
883990223
1027781596
1044008898
1071694798
1093780375
1095342398
1128912275
1129417061
1148337520
1261228362
1293444271
1315620694
1339890197
1345579257
1353290645
1416123103
1484989483
1500416719
1501013491
1511816332
1517413618
1518331350
1531995715
1542665320
1561912679
1567906799
1580108192
1607692250
1665250541
1766788311
100000188483682
100000207968560
100000560321906
100000640854215
100000697676133
100001264936373
100001325786263
100002599541483
100002671773175
