132701693
504163455
520054886
522960705
559321918
568696055
569486781
678577762
694626250
702714755
702964735
709909010
711078362
774507648
775403748
778945624
817248808
820933303
831764507
832934559
833359724
834079499
834999416
883990223
1009517861
1027781596
1031121190
1044008898
1057507795
1071694798
1078081111
1095342398
1129417061
1155703144
1163857380
1176514432
1177202460
1182378485
1194327709
1195639152
1204246675
1206588589
1208731670
1292872374
1293444271
1339890197
1345579257
1360320727
1371894751
1374272024
1375398693
1388582003
1394635203
1397923235
1400259233
1404618411
1416123103
1422362179
1426538638
1428141399
1440661283
1460528998
1463109154
1481796812
1484526321
1484989483
1491047795
1496866898
1500416719
1517413618
1518331350
1524497149
1531995715
1532518252
1552669203
1557285161
1558440374
1559824911
1561912679
1567906799
1575823558
1593850675
1601494875
1610407177
1611675963
1665250541
1786671881
1818871617
100000096558291
100000179131713
100000207968560
100000226587091
100000255817507
100000260621895
100000371936303
100000394475353
100000447596459
100000560321906
100000581427293
100000640854215
100000687384736
100000697676133
100001049166674
100001325786263
100001330633218
100001633212103
100002599541483
100002671773175
100003143652291
100004493859087
