512400444
545864492
562515384
569769677
620136610
640539415
650665458
676123560
747028368
799699180
826562355
828582491
834999416
1033694136
1047000806
1101511364
1110500624
1110872549
1124765309
1152682881
1216508657
1272463728
1281805233
1297999644
1302486491
1347151010
1352486413
1381988086
1428007403
1452022387
1455951525
1543456878
1545712267
1589180856
1636171183
1657800644
1662019117
1731796628
1779470040
1835437257
100000014338045
100000192499775
100000641890730
100001947992277
100002566974250
