520054886
568157302
568452351
569486781
678577762
701419732
702714755
709909010
774507648
817248808
820933303
833359724
883990223
1057507795
1071694798
1093780375
1148337520
1156983346
1168497161
1176514432
1177202460
1182378485
1194327709
1204246675
1208731670
1215349354
1245717180
1261228362
1266803946
1293444271
1315620694
1339890197
1345579257
1360320727
1371894751
1374272024
1375398693
1388582003
1397923235
1440661283
1449519173
1460528998
1463109154
1466029627
1481796812
1496866898
1501013491
1524497149
1542665320
1552669203
1558440374
1561912679
1567906799
1575823558
1593850675
1610407177
1665250541
1721875916
1786671881
1818871617
100000198907280
100000207968560
100000255817507
100000581427293
100000640854215
100001330633218
100001633212103
100004493859087
