545652647
559321918
568157302
568452351
568696055
569486781
678577762
702714755
709909010
833359724
834999416
883990223
1033694136
1095342398
1104805265
1168497161
1206588589
1208731670
1293444271
1315620694
1339890197
1345579257
1353290645
1388582003
1397923235
1449519173
1466029627
1467080972
1496866898
1500416719
1501013491
1517413618
1524497149
1532518252
1561912679
1567906799
1607692250
1665250541
1818871617
100000188483682
100000403636894
100000581427293
100000640854215
100000697676133
100001325786263
100001356494274
