817248808
831764507
1069743275
1071694798
1093780375
1156983346
1176514432
1177202460
1194327709
1195639152
1204246675
1215349354
1266803946
1339890197
1360320727
1361085212
1375398693
1375908523
1388582003
1400259233
1404429232
1440661283
1460528998
1463109154
1481796812
1484526321
1542665320
1552669203
1558440374
1559824911
1575823558
1591185802
1593850675
1601494875
1605941555
1607692250
1665250541
1721875916
1786671881
100001183427662
100001293578320
100001330633218
100001633212103
100003143652291
