512400444
538342348
540147286
545864492
569769677
604194336
607504286
620136610
640539415
650665458
653901133
676123560
747028368
790830520
828582491
834999416
1017708139
1033340904
1033694136
1047000806
1052082413
1100418218
1101511364
1110500624
1110872549
1124765309
1152682881
1153477874
1216508657
1249949083
1297999644
1302486491
1347151010
1352486413
1369477160
1381988086
1455951525
1543456878
1545712267
1589180856
1636171183
1662019117
1835437257
100000014338045
100000641890730
100001947992277
