545652647
559321918
568157302
568452351
568696055
588549731
678577762
702714755
709909010
773758712
774507648
820933303
833359724
834999416
883990223
1027781596
1057507795
1071694798
1073085144
1104805265
1148337520
1168497161
1176514432
1195639152
1206588589
1208731670
1259800482
1293444271
1315620694
1345579257
1374272024
1379288031
1388582003
1397923235
1416123103
1449519173
1484989483
1496866898
1500416719
1501013491
1517413618
1518331350
1524497149
1532518252
1561912679
1566627446
1567906799
1607692250
1665250541
1766788311
1818871617
100000207968560
100000403636894
100000560321906
100000581427293
100000640854215
100000697676133
100001264936373
100001325786263
100001356494274
