520054886
545652647
559321918
568157302
702714755
702964735
709909010
773758712
774507648
775403748
820933303
833359724
883990223
1027781596
1057507795
1071694798
1129417061
1148337520
1163857380
1168497161
1195639152
1206588589
1259800482
1293444271
1315620694
1345579257
1353290645
1374272024
1388582003
1416123103
1440187061
1449519173
1466029627
1484989483
1500176683
1511816332
1512473680
1518331350
1524497149
1532518252
1561912679
1567906799
1607692250
1818871617
100000260621895
100000403636894
100000640854215
100001264936373
100001325786263
100001330633218
100001356494274
100002671773175
