132701693
520054886
559321918
568157302
569486781
701419732
702964735
709909010
711078362
773758712
775403748
883990223
1027781596
1044008898
1057248158
1071694798
1093780375
1095342398
1206588589
1208731670
1261228362
1278456605
1288498570
1314384840
1339890197
1345579257
1374272024
1416123103
1440187061
1466029627
1484989483
1491047795
1500176683
1500416719
1501013491
1531995715
1532518252
1665250541
1818871617
100000207968560
100000260621895
100000403636894
100000581427293
100000640854215
100000687384736
100000697676133
100001325786263
100004493859087
