520054886
545652647
559321918
773758712
774507648
817248808
833359724
834999416
883990223
1071694798
1093780375
1163857380
1168497161
1177202460
1182378485
1194327709
1195639152
1206588589
1215349354
1259800482
1315620694
1339890197
1360320727
1362890868
1388582003
1400259233
1404618411
1440661283
1463109154
1466029627
1501013491
1542665320
1552669203
1561912679
1575823558
1593850675
1610407177
1665250541
1786671881
100000207968560
100001330633218
100001356494274
100001633212103
100004493859087
