520054886
545652647
568157302
568452351
568696055
701419732
702714755
774507648
820933303
834999416
1027781596
1057507795
1071694798
1093780375
1095342398
1104805265
1132675917
1148337520
1163857380
1168497161
1195639152
1206588589
1208731670
1259800482
1293444271
1315620694
1339890197
1345579257
1374272024
1388582003
1397923235
1426538638
1466029627
1484526321
1496866898
1501013491
1511816332
1517413618
1524497149
1531995715
1558440374
1567906799
1580108192
1665250541
1818871617
100000207968560
100000260621895
100000403636894
100000560321906
100000581427293
100000640854215
