520054886
545652647
559321918
568452351
568696055
569486781
588549731
678577762
701419732
702714755
702964735
774507648
820933303
833359724
834999416
883990223
1057507795
1071694798
1093780375
1095342398
1128912275
1129417061
1148337520
1163857380
1195639152
1259800482
1261228362
1288498570
1293444271
1315620694
1345579257
1353290645
1388582003
1416123103
1426748473
1449519173
1466029627
1469810506
1481240701
1500176683
1500416719
1501013491
1511816332
1517413618
1532518252
1561912679
1665250541
1766788311
1818871617
100000188483682
100000207968560
100000260621895
100001264936373
100002599541483
100002671773175
100004493859087
