545652647
568452351
568696055
775403748
820933303
834999416
1027781596
1071694798
1095342398
1128912275
1129417061
1132675917
1208731670
1259800482
1261228362
1315620694
1345579257
1362890868
1371894751
1375908523
1400259233
1416123103
1426538638
1463109154
1466029627
1467080972
1484526321
1484989483
1500176683
1500416719
1501013491
1511816332
1517413618
1531995715
1605941555
1682206249
1766788311
1818871617
100000260621895
100000403636894
100000560321906
100000697676133
100001049166674
100001264936373
100002671773175
