817248808
831764507
1069743275
1071694798
1093780375
1156983346
1176514432
1177202460
1177274092
1182378485
1194327709
1195639152
1204246675
1215349354
1245717180
1360320727
1361085212
1371894751
1375398693
1375908523
1388582003
1404429232
1437646632
1440661283
1460528998
1463109154
1481796812
1484526321
1524497149
1542665320
1552669203
1558440374
1559824911
1575823558
1591185802
1593850675
1601494875
1605941555
1682206249
1721875916
100000160347085
100000198907280
100000255817507
100000371936303
100001183427662
100001278729177
100001633212103
100002155884877
