545652647
568157302
568452351
568696055
569486781
588549731
678577762
701419732
702714755
702964735
709909010
773758712
774507648
775403748
820933303
833359724
834999416
883990223
1027781596
1071694798
1093780375
1095342398
1104805265
1129417061
1148337520
1168497161
1195639152
1206588589
1259800482
1261228362
1288498570
1293444271
1315620694
1339890197
1345579257
1362890868
1397923235
1416123103
1440187061
1449519173
1466029627
1469810506
1484989483
1496866898
1500416719
1501013491
1517413618
1518331350
1532518252
1561912679
1567906799
1607692250
1665250541
100000188483682
100000640854215
100000697676133
100002599541483
100002671773175
