545652647
568157302
568696055
588549731
678577762
702714755
709909010
774507648
820933303
833359724
834999416
883990223
1027781596
1057507795
1095342398
1104805265
1163857380
1176514432
1195639152
1206588589
1208731670
1259800482
1261228362
1288498570
1293444271
1315620694
1345579257
1397923235
1416123103
1449519173
1466029627
1496866898
1500416719
1517413618
1531995715
1532518252
1561912679
1567906799
1607692250
1665250541
1818871617
100000188483682
100000260621895
100000403636894
100000581427293
100000697676133
