520054886
545652647
568157302
568452351
701419732
702714755
709909010
774507648
775403748
834999416
1010924173
1027781596
1057507795
1093780375
1104805265
1128912275
1148337520
1168497161
1195639152
1206588589
1208731670
1259800482
1293444271
1301798052
1315620694
1339890197
1345579257
1374272024
1375908523
1397923235
1416123103
1426538638
1466029627
1484526321
1484989483
1496866898
1511816332
1512473680
1517413618
1567906799
1665250541
1794764281
1818871617
100000207968560
100000260621895
100000403636894
100000560321906
100000640854215
100000687384736
100001049166674
