132701693
520054886
545652647
559321918
568157302
568452351
569486781
678577762
702714755
711078362
774507648
775403748
883990223
1010529440
1027781596
1044008898
1057507795
1071694798
1093780375
1104805265
1163857380
1195639152
1206588589
1208731670
1259800482
1288498570
1293444271
1314384840
1339890197
1345579257
1362890868
1374272024
1388582003
1397923235
1416123103
1449519173
1466029627
1484989483
1491047795
1496866898
1500416719
1501013491
1518331350
1531995715
1532518252
1665250541
1818871617
100000188483682
100000207968560
100000260621895
100000581427293
100000640854215
100000687384736
100000697676133
100001325786263
100004493859087
