520054886
545652647
568452351
678577762
701419732
702714755
709909010
775403748
820933303
833359724
834999416
883990223
1057507795
1071694798
1093780375
1095342398
1148337520
1163857380
1168497161
1194327709
1195639152
1206588589
1208731670
1293444271
1315620694
1339890197
1345579257
1360320727
1362890868
1374272024
1388582003
1397923235
1440661283
1466029627
1496866898
1500416719
1517413618
1524497149
1558440374
1561912679
1567906799
1593850675
1665250541
1818871617
100000207968560
100000260621895
100000640854215
100001330633218
