545652647
559321918
568157302
568452351
568696055
701419732
702714755
709909010
773758712
774507648
775403748
831764507
834999416
1027781596
1057507795
1093780375
1104805265
1148337520
1163857380
1168497161
1194327709
1195639152
1206588589
1208731670
1259800482
1293444271
1315620694
1339890197
1345579257
1379288031
1388582003
1397923235
1449519173
1466029627
1501013491
1517413618
1518331350
1524497149
1532518252
1567906799
1665250541
1818871617
100000207968560
100000260621895
100000581427293
100000640854215
100000687384736
100001325786263
100001356494274
