132701693
520054886
545652647
568157302
569486781
678577762
709909010
711078362
774507648
775403748
834999416
883990223
1027781596
1044008898
1073085144
1093780375
1104805265
1168497161
1195639152
1206588589
1208731670
1259800482
1288498570
1314384840
1345579257
1374272024
1397923235
1416123103
1466029627
1476188080
1484989483
1491047795
1496866898
1501013491
1517413618
1518331350
1531995715
1561912679
1580108192
1665250541
1818871617
100000188483682
100000207968560
100000260621895
100000581427293
100000687384736
100000697676133
100001325786263
100001330633218
100001356494274
