512400444
540147286
545864492
562515384
602304957
607504286
620136610
634020414
640539415
650665458
653901133
676123560
747028368
799699180
826562355
1017708139
1033340904
1033694136
1101511364
1110500624
1110872549
1153477874
1162412767
1216508657
1272463728
1281805233
1297999644
1302486491
1304222974
1347151010
1352486413
1369477160
1452022387
1455951525
1543456878
1545712267
1589180856
1636171183
1657800644
1662019117
1764974563
1779470040
1835437257
100000014338045
100000192499775
100000641890730
100001947992277
100002566974250
