568157302
568696055
702714755
707338779
709909010
774507648
817248808
1027781596
1044008898
1093780375
1104805265
1129417061
1156983346
1176514432
1177202460
1194327709
1195639152
1204246675
1215349354
1261228362
1293444271
1345579257
1360320727
1362890868
1371894751
1375398693
1375908523
1388582003
1400259233
1440187061
1440661283
1449519173
1460528998
1463109154
1466029627
1484989483
1501013491
1517413618
1518331350
1524497149
1531995715
1542665320
1552669203
1558440374
1561912679
1567906799
1575823558
1593850675
1601494875
1605941555
1607692250
1610407177
1682206249
1721875916
1766788311
1786671881
1818871617
100000188483682
100000260621895
100000403636894
100000560321906
100000697676133
100001264936373
100001633212103
100002599541483
100002671773175
