568452351
568696055
817248808
831764507
1027781596
1069743275
1071694798
1093780375
1156983346
1177202460
1194327709
1195639152
1204246675
1215349354
1245717180
1266803946
1339890197
1360320727
1371894751
1375398693
1375908523
1379288031
1400259233
1404618411
1437646632
1440661283
1449519173
1460528998
1463109154
1466029627
1542665320
1552669203
1558440374
1559824911
1575823558
1593850675
1601494875
1605941555
1610407177
1682206249
1721875916
1766788311
1786671881
100000198907280
100000255817507
100000371936303
100001183427662
100001633212103
