545652647
559321918
568157302
568452351
568696055
569486781
588549731
678577762
702714755
709909010
774507648
775403748
833359724
834999416
883990223
1027781596
1057507795
1093780375
1095342398
1104805265
1128912275
1148337520
1163857380
1168497161
1208731670
1259800482
1293444271
1315620694
1345579257
1362890868
1388582003
1397923235
1416123103
1466029627
1467080972
1496866898
1500416719
1501013491
1517413618
1518331350
1524497149
1532518252
1561912679
1665250541
1818871617
100000188483682
100000403636894
100000581427293
100000640854215
100000687384736
100000697676133
100001330633218
100001356494274
100002599541483
