520054886
545652647
559321918
568157302
568452351
568696055
569486781
588549731
678577762
701419732
702714755
702964735
709909010
773758712
774507648
775403748
820933303
833359724
834999416
883990223
1057507795
1071694798
1093780375
1104805265
1148337520
1163857380
1168497161
1195639152
1206588589
1259800482
1261228362
1288498570
1315620694
1345579257
1353290645
1388582003
1466029627
1469810506
1500176683
1501013491
1511816332
1517413618
1561912679
1567906799
1665250541
1818871617
100000188483682
100000260621895
100004493859087
