132701693
520054886
545652647
568452351
568696055
569486781
678577762
701419732
702714755
702964735
707338779
709909010
711078362
721313377
729384885
773758712
774507648
775403748
820933303
831764507
833359724
834999416
883990223
1027781596
1044008898
1071694798
1093780375
1095342398
1104805265
1128912275
1129417061
1163857380
1168497161
1195639152
1206588589
1259800482
1261228362
1278456605
1293444271
1301798052
1314384840
1315620694
1339890197
1353290645
1362890868
1397923235
1405881042
1416123103
1426538638
1426748473
1440187061
1466029627
1469810506
1481240701
1484989483
1496866898
1500176683
1500416719
1501013491
1511816332
1517413618
1518331350
1530674459
1531995715
1561912679
1567906799
1605941555
1607692250
1665250541
1766788311
1818871617
100000188483682
100000207968560
100000255817507
100000260621895
100000403636894
100000560321906
100000581427293
100000640854215
100000687384736
100000697676133
100001264936373
100001325786263
100002599541483
100002671773175
100004493859087
