132701693
520054886
545652647
568452351
569486781
630626825
678577762
701419732
709909010
711078362
721313377
773758712
774343376
775403748
791289466
1010924173
1027781596
1033694136
1044008898
1057248158
1093780375
1095342398
1101511364
1128912275
1129417061
1132675917
1206588589
1245717180
1288498570
1301798052
1314384840
1345579257
1362890868
1374272024
1379288031
1397923235
1449519173
1466029627
1484989483
1496866898
1501013491
1517413618
1518331350
1531995715
1532518252
1557285161
1567906799
1574360213
1601494875
1607692250
1614346636
1665250541
1818871617
100000188483682
100000207968560
100000260621895
100000403636894
100000581427293
100000640854215
100000687384736
100000697676133
100001325786263
100002599541483
100004493859087
