520054886
545652647
559321918
568157302
568452351
568696055
569486781
702714755
709909010
774343376
775403748
834999416
1027781596
1071694798
1093780375
1095342398
1104805265
1128912275
1129417061
1132675917
1168497161
1208731670
1261228362
1345579257
1353290645
1362890868
1416123103
1484989483
1496866898
1500416719
1511816332
1517413618
1518331350
1532518252
1557285161
1561912679
1601494875
1607692250
1766788311
100000188483682
100000260621895
100000403636894
100000412230914
100000560321906
100000581427293
100000640854215
100000687384736
100000697676133
100001264936373
100001325786263
100002599541483
