520054886
559321918
568452351
568696055
569486781
588549731
678577762
701419732
702964735
709909010
773758712
820933303
833359724
883990223
1027781596
1044008898
1057507795
1071694798
1104805265
1163857380
1168497161
1195639152
1206588589
1208731670
1259800482
1293444271
1315620694
1374272024
1388582003
1426538638
1449519173
1466029627
1496866898
1501013491
1518331350
1531995715
1532518252
1561912679
1665250541
1818871617
100000188483682
100000581427293
100000640854215
100001264936373
100001356494274
