520054886
545652647
568157302
568452351
569486781
702964735
831764507
833359724
834999416
883990223
1027781596
1071694798
1093780375
1095342398
1129417061
1176514432
1206588589
1259800482
1261228362
1293444271
1315620694
1345579257
1353290645
1362890868
1466029627
1500416719
1511816332
1512473680
1517413618
1531995715
1561912679
1567906799
1607692250
1665250541
1766788311
1818871617
100000188483682
100000260621895
100000403636894
100000560321906
100000697676133
100001049166674
100001264936373
100001330633218
100002599541483
100002671773175
