132701693
520054886
545652647
564014120
568157302
568696055
569485841
630626825
701419732
702714755
702964735
709909010
711078362
721313377
775403748
820933303
834999416
1027781596
1044008898
1057507795
1093780375
1101511364
1104805265
1126382256
1129417061
1155703144
1195639152
1206588589
1259800482
1278456605
1288498570
1293444271
1301798052
1345579257
1374272024
1379288031
1397923235
1416123103
1484989483
1500176683
1511816332
1512473680
1517413618
1518331350
1531995715
1557285161
1567906799
1601494875
1665250541
1794764281
1818871617
100000207968560
100000260621895
100000403636894
100000581427293
100000640854215
100000687384736
100001325786263
