132701693
504163455
512400444
520054886
522960705
524714393
529984108
532408354
538342348
540147286
543201656
545652647
545864492
559321918
560217683
562246684
562515384
564014120
568157302
568452351
568696055
569485841
569486781
569769677
581135450
582641315
588549731
597333630
602304957
602588542
604194336
607504286
614995063
617256648
620136610
625771560
628776097
630558280
630626825
634020414
640539415
646316869
650665458
650887382
653901133
665706281
676123560
678577762
691527481
694626250
701419732
702714755
702964735
707338779
709909010
711078362
711848917
716601824
720114745
721313377
725164183
728273453
729384885
732449521
735320119
747028368
750868263
751049714
764598606
768915572
773758712
774343376
774507648
775403748
778945624
780062927
789778637
790830520
791289466
799699180
809652091
817248808
820933303
826562355
828582491
831764507
832934559
833359724
834079499
834999416
851329639
857475401
883990223
1009517861
1010529440
1010924173
1017708139
1018938925
1019351027
1027781596
1031121190
1033340904
1033677814
1033694136
1044008898
1047000806
1052082413
1057248158
1057507795
1065060336
1069743275
1071152911
1071322537
1071694798
1072036603
1073085144
1078081111
1079029249
1093780375
1095342398
1100418218
1101511364
1104805265
1110500624
1110512574
1110872549
1115402430
1124765309
1126382256
1128912275
1129417061
1132675917
1148337520
1152682881
1153477874
1155703144
1156983346
1157451419
1158402815
1162412767
1163857380
1168497161
1176514432
1177202460
1177274092
1179460965
1182378485
1194327709
1195639152
1204246675
1206588589
1208731670
1215349354
1216508657
1245717180
1249949083
1259800482
1261228362
1266803946
1272463728
1278456605
1279407811
1281511792
1281805233
1288498570
1292872374
1293444271
1294950248
1297999644
1299845628
1301798052
1302486491
1304222974
1306257444
1314384840
1315620694
1339890197
1345579257
1347151010
1349349628
1352486413
1353290645
1354251705
1360320727
1361085212
1362890868
1369477160
1371894751
1374272024
1374666383
1375398693
1375908523
1379288031
1381988086
1386114040
1388582003
1389644911
1394635203
1397923235
1400259233
1404429232
1404618411
1405881042
1416123103
1422362179
1426538638
1426748473
1428007403
1428141399
1431575333
1437646632
1440187061
1440661283
1440824866
1449519173
1452022387
1452400928
1455951525
1460528998
1463109154
1464633703
1466029627
1467080972
1469810506
1476188080
1481240701
1481526389
1481796812
1483659083
1484526321
1484989483
1489944756
1491047795
1496866898
1500176683
1500416719
1501013491
1511816332
1512473680
1517413618
1518331350
1524497149
1530674459
1531995715
1532518252
1534554898
1536244069
1542665320
1543456878
1545712267
1552669203
1557285161
1558440374
1559824911
1561912679
1566627446
1567906799
1574360213
1575823558
1580108192
1589180856
1593850675
1601494875
1605941555
1606562525
1607692250
1610407177
1611675963
1614346636
1636054938
1636171183
1642865636
1657800644
1659823354
1660297875
1662019117
1665250541
1666176951
1682206249
1721875916
1731796628
1743187329
1764974563
1766788311
1779470040
1781235658
1786671881
1794764281
1805958611
1818871617
1828686296
1835437257
100000014338045
100000096558291
100000108540444
100000114742517
100000118556250
100000134530987
100000160347085
100000179131713
100000188483682
100000192499775
100000195123222
100000198907280
100000207968560
100000226587091
100000242806051
100000246450495
100000255817507
100000260621895
100000311899129
100000371936303
100000394475353
100000403636894
100000412230914
100000447596459
100000461539393
100000472555436
100000527351005
100000536993108
100000546971776
100000560321906
100000581427293
100000606261703
100000640854215
100000641890730
100000671585435
100000683888052
100000687384736
100000697676133
100000718251468
100000824090709
100000892586063
100000991384605
100001049166674
100001109866510
100001154464795
100001173956189
100001183427662
100001264936373
100001271760263
100001278729177
100001285217920
100001293578320
100001322011567
100001325786263
100001326766312
100001330491813
100001330633218
100001337516699
100001356494274
100001385285581
100001504542644
100001512774251
100001559130723
100001613231666
100001633212103
100001684918756
100001702654925
100001872381141
100001884582350
100001947992277
100002201913603
100002363627520
100002482648003
100002566974250
100002599541483
100002671773175
100002675295333
100002681293924
100002870218432
100002977860330
100002986030944
100003012524697
100003143652291
100003944061629
100004067389454
100004098706729
100004493859087
100004611751565
100005359660356
