545652647
559321918
568452351
568696055
709909010
773758712
774343376
775403748
820933303
834999416
1027781596
1044008898
1071694798
1093780375
1095342398
1104805265
1128912275
1129417061
1148337520
1163857380
1206588589
1259800482
1288498570
1339890197
1345579257
1362890868
1416123103
1426538638
1466029627
1491047795
1500176683
1511816332
1517413618
1518331350
1531995715
1607692250
1682206249
1818871617
100000118556250
100000188483682
100000207968560
100000260621895
100000403636894
100000560321906
100000581427293
100000640854215
100000824090709
100001356494274
