559321918
564014120
568157302
568452351
568696055
569486781
588549731
602588542
630626825
678577762
702714755
709909010
721313377
820933303
883990223
1044008898
1071694798
1072036603
1093780375
1129417061
1132675917
1168497161
1176514432
1206588589
1208731670
1261228362
1315620694
1345579257
1353290645
1397923235
1416123103
1426538638
1466029627
1496866898
1500176683
1500416719
1501013491
1517413618
1518331350
1531995715
1561912679
1607692250
1766788311
1818871617
100000118556250
100000260621895
100000403636894
100000560321906
100000640854215
100000697676133
100001264936373
100001684918756
100002482648003
100002870218432
