538342348
540147286
545864492
569769677
602304957
604194336
607504286
640539415
653901133
676123560
826562355
828582491
834999416
1017708139
1033340904
1033694136
1052082413
1101511364
1110872549
1124765309
1153477874
1162412767
1179460965
1216508657
1249949083
1297999644
1302486491
1347151010
1349349628
1352486413
1369477160
1381988086
1428007403
1452022387
1455951525
1543456878
1545712267
1589180856
1636171183
1657800644
1662019117
100000014338045
100000641890730
100001947992277
100002566974250
