512400444
538342348
540147286
545864492
569769677
602304957
604194336
607504286
620136610
634020414
640539415
650665458
653901133
676123560
747028368
799699180
826562355
828582491
834999416
1017708139
1033340904
1033694136
1047000806
1052082413
1100418218
1101511364
1110500624
1110872549
1124765309
1152682881
1153477874
1162412767
1179460965
1216508657
1249949083
1272463728
1281805233
1297999644
1302486491
1347151010
1349349628
1381988086
1428007403
1452022387
1455951525
1543456878
1545712267
1589180856
1636171183
1662019117
1731796628
1835437257
100000014338045
100000192499775
100000641890730
100001947992277
100002566974250
