520054886
543201656
545652647
559321918
564014120
568452351
568696055
569485841
569486781
588549731
617256648
650887382
678577762
702964735
707338779
721313377
732449521
773758712
774507648
775403748
834999416
851329639
883990223
1027781596
1057507795
1071694798
1093780375
1095342398
1104805265
1126382256
1128912275
1129417061
1132675917
1182378485
1206588589
1259800482
1261228362
1293444271
1315620694
1345579257
1353290645
1362890868
1379288031
1386114040
1397923235
1416123103
1426538638
1426748473
1452400928
1466029627
1467080972
1481240701
1481526389
1484526321
1484989483
1500416719
1511816332
1512473680
1531995715
1557285161
1561912679
1567906799
1580108192
1607692250
1682206249
1766788311
1818871617
100000188483682
100000260621895
100000403636894
100000560321906
100000640854215
100000697676133
100000824090709
100001264936373
100001330633218
100002482648003
100002599541483
100002671773175
100003012524697
100004493859087
100004611751565
