520054886
545652647
559321918
568157302
568452351
568696055
569486781
588549731
678577762
701419732
702714755
702964735
709909010
774507648
775403748
833359724
834999416
883990223
1044008898
1057507795
1093780375
1148337520
1163857380
1168497161
1195639152
1206588589
1208731670
1259800482
1293444271
1339890197
1345579257
1371894751
1374272024
1388582003
1416123103
1449519173
1466029627
1467080972
1484989483
1518331350
1524497149
1561912679
1567906799
1818871617
100000207968560
100000260621895
100000581427293
100000640854215
100000687384736
100001325786263
100001330633218
100004493859087
