132701693
559321918
568157302
568696055
569486781
678577762
701419732
702714755
702964735
709909010
711078362
774507648
775403748
833359724
1044008898
1057507795
1093780375
1163857380
1195639152
1293444271
1339890197
1345579257
1374272024
1416123103
1484989483
1501013491
1517413618
1518331350
1524497149
1531995715
1561912679
1567906799
1601494875
1665250541
1764974563
100000188483682
100000207968560
100000260621895
100000403636894
100000581427293
100000640854215
100000687384736
100001325786263
100001330633218
100004493859087
