520054886
545652647
568452351
569486781
588549731
678577762
701419732
702964735
709909010
774507648
775403748
820933303
833359724
834999416
883990223
1027781596
1071694798
1093780375
1104805265
1148337520
1163857380
1168497161
1195639152
1206588589
1208731670
1259800482
1261228362
1293444271
1315620694
1345579257
1362890868
1397923235
1449519173
1466029627
1496866898
1500416719
1501013491
1511816332
1531995715
1561912679
1567906799
1665250541
1818871617
100000207968560
100000260621895
100000403636894
100004493859087
