540147286
545652647
559321918
568452351
568696055
569486781
569769677
607504286
640539415
678577762
701419732
702714755
702964735
774507648
883990223
1017708139
1033340904
1033694136
1052082413
1057507795
1093780375
1104805265
1124765309
1132675917
1152682881
1153477874
1168497161
1206588589
1208731670
1259800482
1293444271
1297999644
1302486491
1315620694
1339890197
1345579257
1347151010
1352486413
1388582003
1397923235
1426538638
1428007403
1452022387
1455951525
1466029627
1496866898
1500416719
1517413618
1524497149
1531995715
1545712267
1561912679
1567906799
1589180856
1593850675
1607692250
1636171183
1662019117
1665250541
1818871617
100000014338045
100000188483682
100000581427293
100000640854215
100000641890730
100000697676133
100001356494274
100001947992277
100002566974250
