4.2732e+09
2.9761e+09
3.7035e+09
3.3578e+09
4.0535e+09
3.4294e+09
3.6512e+09
3.3349e+09
9.7129e+08
3.9742e+09
1.7843e+09
3.6482e+09
3.709e+09
1.9567e+09
3.1219e+09
3.4107e+09
3.822e+09
4.7852e+08
3.8538e+09
1.5955e+09
2.353e+09
1.5723e+07
1.1696e+09
3.3952e+09
3.4537e+09
3.0575e+09
7.5805e+08
4.2186e+09
3.1115e+09
5.9435e+08
4.6731e+08
3.2654e+09
4.0105e+09
7.9658e+08
1.5256e+09
1.2515e+09
3.3906e+09
1.2309e+08
2.1331e+09
3.4249e+09
2.4906e+08
3.4175e+09
1.4938e+09
3.455e+09
3.0318e+09
9.3309e+08
1.5031e+07
6.2376e+08
3.1353e+09
4.2502e+08
8.0366e+08
3.2578e+09
3.3872e+09
3.9891e+09
2.6105e+09
1.879e+09
1.6718e+09
4.113e+09
3.9743e+09
3.1965e+08
1.512e+09
5.8085e+08
2.7695e+09
4.0071e+09
4.2906e+09
2.304e+09
2.8177e+08
1.3304e+09
4.0256e+09
2.4785e+09
2.6047e+09
3.4672e+09
2.8265e+09
4.1995e+09
3.2547e+09
2.3108e+09
1.8235e+09
2.0797e+09
2.0607e+09
8.7662e+08
1.5897e+09
3.8179e+09
1.4633e+09
2.4575e+09
2.8206e+09
7.0635e+08
9.9301e+08
3.6496e+09
3.1147e+09
1.1988e+09
2.6828e+09
3.8905e+09
2.4247e+09
4.1648e+09
3.1167e+09
6.3079e+08
3.9479e+09
1.4388e+09
3.7744e+09
1.5485e+08
9.1086e+07
3.1737e+09
1.7099e+08
6.9695e+08
1.084e+09
3.3957e+09
1.5712e+09
2.4496e+09
1.9387e+09
2.8468e+09
2.5582e+09
3.1513e+09
1.7392e+09
3.6359e+09
3.4014e+09
3.2394e+08
2.7561e+09
3.4196e+09
2.8728e+09
1.679e+09
2.1468e+08
3.1445e+09
1.1574e+09
3.982e+09
1.6123e+09
4.2765e+09
4.0069e+09
1.3286e+09
1.8737e+09
1.2335e+09
1.06e+08
6.7249e+08
1.9504e+09
3.5637e+09
2.8227e+09
2.1294e+09
3.2373e+09
2.6581e+09
1.9165e+09
1.28e+07
2.3515e+09
9.3035e+08
7.4464e+08
3.153e+09
6.1533e+08
9.1057e+08
3.4138e+09
7.3085e+08
1.562e+09
1.8309e+09
2.3191e+09
4.1738e+09
3.8286e+08
1.1095e+09
7.8857e+08
2.7546e+09
2.9618e+09
1.3738e+09
1.9098e+09
2.8782e+09
3.8507e+09
4.2039e+09
2.1328e+09
1.3076e+09
1.1281e+09
1.8325e+09
2.9925e+09
1.3959e+09
1.6082e+09
2.5202e+09
1.7158e+09
5.6519e+07
1.6747e+09
1.3156e+09
3.2424e+09
3.6996e+09
1.2227e+09
1.059e+08
4.8763e+08
4.1257e+09
1.087e+09
9.3961e+08
8.6027e+08
1.5471e+09
8.9508e+08
6.8735e+08
8.9625e+08
2.0416e+09
3.7522e+09
3.0896e+09
1.0612e+07
3.5768e+09
1.2163e+09
1.0683e+09
3.9031e+09
2.1965e+09
2.5209e+09
3.2916e+09
2.333e+09
2.6632e+09
1.1562e+09
3.5688e+09
1.1816e+08
3.2181e+09
2.269e+08
3.4483e+09
4.0736e+08
2.7208e+09
1.2403e+09
3.6164e+09
6.6222e+08
1.6373e+09
1.4114e+09
5.1699e+06
8.8223e+08
4.9204e+08
3.4244e+09
1.7614e+09
4.2277e+09
2.9723e+09
1.2802e+09
3.1623e+09
3.6647e+09
3.2116e+09
2.0683e+09
8.3216e+08
3.9089e+09
2.8342e+09
6.5142e+08
4.0781e+09
4.2061e+09
1.1983e+09
2.9801e+09
5.6286e+08
3.416e+09
1.0283e+09
9.2602e+08
1.0324e+09
1.4877e+09
1.99e+09
4.3574e+08
8.832e+06
5.2013e+08
3.5908e+09
3.9548e+09
4.2714e+09
3.8646e+09
2.7636e+09
1.6822e+08
7.1818e+08
3.0314e+08
2.6345e+09
6.5051e+08
7.1567e+08
8.2412e+08
2.9903e+09
3.525e+09
1.7504e+09
3.0996e+09
3.8864e+09
6.1015e+08
4.2331e+09
2.5967e+09
5.6311e+08
8.4118e+08
1.8786e+09
1.8552e+09
1.9942e+09
3.155e+08
2.8915e+09
3.2495e+09
1.7749e+09
1.1539e+09
1.7194e+09
4.0827e+09
3.0177e+09
7.1793e+08
2.3981e+09
2.8343e+09
9.023e+08
1.7708e+09
1.6341e+09
2.8863e+09
1.918e+09
2.5764e+09
2.9195e+08
3.9474e+09
2.5704e+09
1.7517e+09
5.4299e+08
2.7118e+09
2.3315e+09
3.8321e+09
1.2895e+09
1.2069e+09
2.0087e+09
1.4969e+09
1.3348e+09
1.5334e+09
1.1623e+09
3.5281e+09
2.7928e+09
4.1512e+09
9.1719e+08
2.8509e+09
1.912e+09
2.3363e+09
2.0724e+09
2.8569e+09
5.6409e+08
1.9602e+09
2.9052e+09
5.5411e+08
2.7975e+09
2.7585e+09
3e+09
3.0768e+09
1.0976e+09
2.7903e+09
2.0607e+09
1.9391e+09
2.2251e+09
2.5229e+09
1.023e+08
1.4415e+09
2.0731e+09
5.6251e+08
5.4238e+08
1.1304e+09
3.5066e+09
3.7804e+09
3.3698e+09
8.8629e+08
2.9168e+09
7.0989e+07
1.6529e+09
3.3741e+09
1.9653e+09
2.9303e+09
3.9987e+09
4.4219e+08
3.3496e+09
8.1173e+08
1.0322e+09
1.5976e+09
1.5403e+09
3.6787e+09
3.1836e+09
5.9942e+07
3.2954e+09
1.7257e+09
1.5451e+09
2.7517e+09
1.2954e+08
6.0931e+08
3.516e+09
2.3352e+08
3.9259e+09
1.2769e+09
1.0392e+09
1.6511e+09
7.8762e+08
3.6114e+09
1.1117e+09
4.9529e+08
2.3672e+09
3.045e+08
6.7419e+08
4.0341e+09
4.4227e+07
3.0492e+09
3.5958e+09
2.4246e+09
9.1315e+08
3.4878e+09
3.0036e+09
5.2705e+08
1.0666e+09
2.2491e+09
2.8982e+09
3.8238e+09
3.3442e+09
2.3518e+09
1.9327e+09
3.3743e+09
8.0508e+07
4.6107e+08
2.0095e+09
2.776e+09
7.5405e+08
1.8665e+09
1.1029e+09
2.2586e+09
3.2661e+09
2.2805e+09
2.3827e+09
4.1928e+09
2.6217e+09
2.7832e+09
2.7323e+09
3.6457e+09
1.8699e+09
3.043e+09
2.6769e+09
3.3426e+09
5.3396e+08
3.8996e+09
4.6155e+08
2.7752e+08
1.9297e+09
3.1596e+09
2.3552e+09
3.1799e+09
1.9196e+09
1.751e+09
7.2578e+08
3.6415e+09
3.6661e+09
2.9246e+09
6.3264e+07
4.2714e+09
1.0337e+09
2.7412e+09
1.7334e+09
1.7474e+09
1.6621e+09
5.0675e+08
1.3079e+06
2.6665e+09
2.9209e+09
2.0799e+09
1.4652e+09
1.5335e+09
3.0305e+09
1.2468e+09
2.707e+09
3.7588e+09
3.0531e+09
3.2009e+09
8.2265e+08
3.6128e+09
2.5835e+09
3.3437e+09
3.013e+09
9.1024e+08
4.1455e+09
2.4893e+09
1.3771e+09
1.204e+09
2.5994e+09
1.7286e+09
2.0474e+09
1.2508e+09
3.4438e+09
2.3551e+09
2.6146e+09
2.5198e+09
4.2657e+09
2.2645e+09
1.2767e+09
2.6382e+09
3.2407e+09
3.9786e+09
1.1743e+09
3.1879e+09
2.9504e+08
3.5371e+09
3.1439e+08
2.2685e+09
4.2901e+09
2.68e+09
9.0057e+08
1.0164e+09
2.2017e+09
2.9558e+09
3.0766e+09
2.8768e+09
5.9643e+08
1.9758e+09
4.1425e+09
3.65e+09
2.3509e+09
1.2355e+08
2.0874e+09
7.1986e+08
3.6413e+09
3.439e+09
2.6813e+09
2.2872e+09
1.7547e+09
3.8329e+09
2.4047e+09
3.4774e+09
1.1222e+09
2.4505e+09
1.5389e+09
1.9663e+09
9.186e+08
1.3667e+09
1.0636e+09
1.8632e+09
2.9383e+09
3.3027e+09
2.5309e+09
2.0749e+09
3.4663e+09
9.7213e+08
3.6314e+09
3.1334e+09
4.067e+09
3.8294e+09
3.1565e+09
3.6461e+09
3.8494e+09
4.21e+09
5.3382e+08
3.7724e+09
1.169e+09
1.3342e+09
3.2689e+09
3.803e+09
3.4243e+09
1.4568e+09
3.5655e+09
1.7049e+09
6.0892e+08
3.953e+09
3.0101e+09
9.6391e+08
3.2617e+09
3.9231e+09
6.4824e+08
5.7738e+08
3.2909e+09
2.6599e+09
1.0586e+08
2.2242e+09
1.2336e+09
2.5738e+09
3.8618e+09
1.0914e+09
1.2606e+09
1.748e+09
2.5833e+09
4.2315e+09
2.693e+09
4.0074e+09
4.0117e+09
3.5398e+09
6.9751e+08
4.2057e+09
2.6582e+09
3.0018e+09
9.5476e+08
3.7447e+09
1.8477e+09
9.634e+08
1.8257e+08
7.7666e+08
3.6617e+09
2.0489e+09
1.5939e+09
3.0192e+09
3.2118e+09
8.8635e+08
2.9142e+09
1.5572e+08
3.1286e+09
1.0943e+09
3.1913e+09
3.5772e+09
3.406e+09
3.9061e+09
3.2687e+09
2.2607e+09
7.9667e+08
2.2899e+09
2.6856e+08
1.417e+09
2.2806e+09
1.615e+09
3.5269e+09
1.3019e+09
2.368e+09
4.2578e+09
2.3359e+09
3.2376e+09
2.1382e+09
1.5566e+09
1.3243e+09
2.6321e+09
1.3549e+08
3.3637e+09
2.9101e+09
2.0616e+09
3.2604e+09
2.1939e+09
3.4825e+08
3.1868e+09
2.279e+09
2.1129e+09
6.2619e+08
3.6211e+09
9.9163e+08
2.2267e+09
9.3674e+08
4.4822e+08
2.7551e+09
4.1247e+09
1.8758e+09
9.5159e+08
1.3037e+09
2.9852e+09
3.9463e+09
3.6286e+09
3.6487e+09
2.6313e+09
3.2167e+09
2.1416e+09
1.282e+09
1.4928e+09
1.7185e+09
2.905e+09
5.3239e+08
188
