4.1927e+09
4.843e+08
4.0504e+09
3.0371e+09
3.571e+09
9.1731e+08
2.9525e+09
4.4223e+07
6.887e+08
2.64e+09
3.3857e+08
3.0892e+09
1.3318e+09
6.7754e+08
2.9507e+09
2.2197e+09
1.8501e+09
3.9966e+09
2.4988e+09
1.5329e+09
2.5031e+09
1.6137e+09
2.2291e+09
2.7966e+09
4.0348e+09
1.58e+09
2.5522e+09
2.739e+09
2.2571e+09
9.8008e+08
1.4882e+09
2.9989e+09
3.9639e+09
3.3996e+09
1.5066e+09
3.19e+09
3.0347e+09
1.0177e+08
2.3836e+09
1.5603e+09
3.2778e+09
2.9468e+09
3.6129e+09
1.0771e+09
3.7101e+09
2.4793e+09
1.6401e+09
1.3636e+09
4.2185e+09
3.1176e+09
3.571e+09
2.955e+09
1.182e+09
1.708e+09
1.5743e+09
4.7264e+08
2.4466e+09
3.8792e+08
3.4761e+09
1.7529e+09
4.1831e+08
4.2367e+09
2.6297e+09
3.1311e+09
5.5132e+08
1.016e+09
4.0506e+09
3.5092e+09
3.0026e+09
4.196e+09
3.2216e+08
2.4284e+09
2.9071e+09
1.4227e+09
1.3852e+09
1.7015e+09
4.2197e+09
4.0128e+09
3.7828e+08
3.1631e+09
2.4448e+09
8.2114e+08
7.28e+08
2.4522e+09
9.8262e+08
1.8428e+09
4.1286e+09
4.0337e+09
3.8431e+09
1.1901e+09
1.6341e+09
1.2885e+09
4.2464e+09
2.7231e+09
1.6767e+08
3.6883e+09
9.5788e+08
1.2092e+09
3.6229e+09
4.6047e+08
3.988e+09
1.8584e+09
2.0665e+09
4.0163e+09
3.845e+09
2.8434e+09
4.2089e+09
3.1571e+09
1.4039e+09
1.8659e+08
2.7923e+09
3.2958e+09
1.3871e+09
3.8004e+09
2.0659e+09
1.9606e+09
3.9787e+09
4.148e+09
2.6188e+09
2.9413e+09
2.9635e+09
4.3048e+08
3.245e+08
2.7062e+09
2.9076e+09
3.3964e+09
2.2719e+09
2.1496e+09
3.5314e+09
2.8804e+09
3.2287e+09
1.8227e+09
1.136e+09
9.8156e+08
2.4615e+09
7.9285e+07
2.2169e+09
3.7186e+09
9.2699e+08
3.881e+09
5.0969e+08
3.6477e+09
3.8859e+09
1.6147e+09
1.3812e+09
1.4252e+09
1.688e+09
3.1473e+09
1.977e+08
3.6328e+09
3.0082e+08
2.0881e+09
1.5294e+09
1.969e+09
1.6234e+08
4.4989e+06
1.2987e+09
3.1127e+08
1.7055e+09
3.1167e+09
6.8904e+07
4.0517e+09
3.3584e+09
4.1322e+09
1.6403e+09
3.9364e+09
1.6182e+09
2.0442e+09
3.3081e+09
3.6338e+09
1.1509e+09
2.6318e+09
1.2192e+08
1.3082e+09
4.2749e+09
3.1461e+09
4.083e+09
3.0799e+09
1.0479e+09
2.1966e+09
3.5161e+09
1.4001e+09
4.214e+09
4.0421e+09
1.1124e+09
1.8719e+09
1.7596e+09
6.0944e+08
1.1348e+09
2.0416e+09
2.0354e+08
1.2901e+09
2.1717e+09
7.3593e+08
3.2907e+09
3.442e+09
3.7254e+09
9.0274e+07
2.2817e+09
1.6941e+09
3.9879e+09
2.7606e+09
3.5305e+09
4.6809e+08
5.9068e+08
2.0777e+09
2.1743e+08
2.4679e+09
3.8922e+09
4.0359e+09
4.9938e+08
6.4364e+08
4.055e+09
2.4323e+09
1.0689e+09
3.8383e+09
1.7295e+09
2.3266e+08
1.0461e+09
4.6037e+08
3.0124e+09
2.3646e+09
1.3128e+09
1.2905e+09
2.8274e+09
4.0106e+09
1.2371e+09
1.7419e+09
3.3345e+09
3.7014e+09
1.7092e+09
2.2494e+09
4.9283e+08
1.5993e+09
1.2314e+09
2.5067e+09
3.051e+08
2.5832e+09
4.0174e+09
3.0857e+09
1.988e+09
5.189e+08
6.0142e+08
2.3054e+09
3.6656e+08
3.4211e+09
2.7736e+09
6.0169e+08
3.3488e+09
1.3922e+09
3.645e+09
1.651e+09
1.7465e+09
4.0363e+09
1.5743e+09
1.4952e+09
4.5472e+07
8.2439e+08
7.2041e+07
3.8979e+06
2.7372e+09
1.4733e+08
2.5474e+09
1.5675e+09
4.2171e+09
8.7607e+08
3.7842e+09
1.2122e+09
1.8946e+09
1.202e+08
2.4966e+09
3.4328e+09
2.9761e+09
1.5952e+08
3.2492e+09
5.6286e+08
2.5767e+08
5.7152e+08
3.8934e+09
2.9367e+09
3.5098e+09
1.2572e+09
3.2062e+09
2.8389e+09
2.0662e+08
4.2185e+09
2.2819e+08
1.0091e+09
2.6615e+09
8.1711e+08
1.0975e+09
3.1905e+09
2.2434e+09
1.8374e+09
3.7558e+09
5.185e+08
4.1763e+09
1.8516e+09
2.453e+09
2.8697e+09
1.8925e+07
5.3087e+08
1.0573e+09
4.2831e+09
2.2498e+09
1.4871e+09
8.7172e+07
1.8231e+09
3.6537e+09
2.7711e+09
3.0519e+08
3.6423e+09
1.704e+09
1.3131e+09
4.2854e+09
1.1016e+09
2.4489e+09
2.9469e+09
9.2334e+08
2.9865e+09
3.355e+09
4.4794e+08
3.1205e+09
3.9094e+09
1.8521e+08
3.6417e+09
4.0744e+09
1.4008e+09
9.4218e+08
1.1779e+09
4.2192e+09
2.2162e+09
3.9478e+09
2.7292e+09
4.0429e+09
3.2113e+09
1.0038e+09
2.1467e+09
2.553e+09
2.8271e+09
2.5821e+09
2.5096e+09
2.6325e+09
1.6957e+09
3.8381e+09
1.6691e+09
1.9231e+08
4.0774e+09
1.724e+09
3.297e+09
3.2558e+09
9.2366e+08
1.1107e+09
1.4332e+09
9.7136e+08
2.31e+09
3.1435e+09
3.5487e+09
2.7369e+08
1.039e+09
3.2224e+09
1.8308e+09
1.6726e+09
2.1292e+09
1.1937e+09
2.1532e+09
4.1594e+09
3.6908e+09
1.0682e+09
3.6955e+09
2.8421e+08
1.3165e+09
2.0253e+09
1.0151e+09
2.5606e+08
2.7552e+09
6.1564e+08
3.8885e+09
5.6111e+08
2.0545e+09
1.4084e+09
2.4989e+09
5.6193e+08
2.5986e+09
1.6036e+09
9.6929e+08
2.1293e+09
2.3924e+09
4.142e+09
3.3905e+09
2.1055e+09
1.058e+09
8.3909e+07
7.3895e+08
1.0341e+09
3.9535e+09
1.8266e+09
3.4575e+09
3.052e+09
3.0824e+09
7.7674e+08
1.7422e+09
3.7417e+08
7.9961e+08
4.0353e+09
1.8785e+08
7.2884e+08
1.8269e+09
7.237e+08
1.7501e+09
1.4224e+09
2.0288e+09
1.4452e+09
2.9351e+09
9.7506e+08
7.29e+08
3.057e+09
3.8345e+09
1.3378e+09
1.8186e+08
3.945e+09
3.701e+09
1.8476e+09
2.9762e+09
3.0924e+09
1.9131e+09
2.1459e+09
3.3665e+09
2.6583e+09
1.8563e+09
1.905e+09
5.4276e+08
4.2117e+08
2.7151e+09
3.4916e+09
1.1232e+08
1.016e+09
3.2989e+09
2.4792e+09
3.6978e+09
7.9165e+08
3.9394e+09
2.7357e+08
3.5258e+09
3.7723e+09
8.5625e+08
2.3388e+09
1.1291e+08
3.8265e+08
2.5138e+09
1.6307e+09
4.2799e+09
5.9447e+08
2.4778e+09
2.3876e+09
2.4283e+09
4.4991e+08
3.5031e+09
4.2377e+09
3.2724e+09
1.5541e+08
1.6062e+09
2.8566e+09
3.4987e+09
2.1258e+09
1.0502e+09
2.7123e+09
4.0942e+09
1.9058e+09
6.968e+08
1.8902e+09
2.2163e+09
2.7121e+09
2.055e+09
2.9332e+09
1.9422e+09
3.4448e+09
2.5451e+09
1.5256e+09
3.3841e+08
3.7977e+08
2.5628e+09
1.9045e+09
4.2069e+09
3.8843e+09
5.2251e+07
2.9032e+09
3.4125e+08
3.9614e+09
2.8424e+09
2.2505e+09
1.2168e+09
1.8045e+09
1.6411e+09
1.1049e+09
6.2683e+08
1.9273e+09
1.7463e+09
4.9121e+08
1.4489e+07
2.3093e+09
1.2703e+08
7.5033e+08
6.5155e+08
2.4279e+09
1.3904e+09
1.6821e+09
2.5216e+09
2.6777e+09
1.3574e+09
2.8969e+09
3.484e+09
1.7986e+09
6.7053e+08
1.4883e+09
2.4156e+09
8.3633e+08
1.1566e+09
1.0566e+09
8.4214e+08
1.5836e+09
3.6763e+09
3.2819e+09
2.1151e+09
4.2442e+09
4.2228e+09
1.6026e+09
4.1808e+09
1.8687e+09
1.1781e+09
1.7363e+09
2.6292e+09
3.3563e+09
3.4578e+09
2.6824e+09
2.3412e+09
2.0335e+09
1.9399e+09
3.8955e+09
8.576e+07
2.7749e+09
3.478e+09
3.259e+09
2.5279e+09
3.8442e+09
4.2811e+09
3.1832e+09
2.2541e+09
2.9704e+09
1.2381e+09
1.853e+09
5.2176e+08
3.1702e+09
1.4122e+09
4.0786e+09
2.2812e+09
3.1596e+09
4.0608e+09
3.5744e+09
5.6631e+08
2.7082e+09
2.6643e+09
6.7135e+07
1.7458e+08
7.5784e+08
1.4893e+09
1.1849e+09
1.3457e+09
2.2094e+09
3.3041e+09
1.3225e+09
3.5821e+09
2.3421e+09
3.1286e+09
2.7438e+09
2.7529e+09
3.5482e+09
3.462e+08
1.6248e+09
4.2491e+09
1.9556e+09
2.8478e+09
1.2535e+08
2.6439e+08
1.9565e+09
2.9153e+09
4.1922e+09
1.6919e+09
1.9387e+09
2.2622e+08
5.6567e+08
4.6123e+08
1.6252e+09
3.4009e+09
5.4579e+07
2.3435e+09
9.7208e+08
4.0282e+09
1.837e+09
2.6074e+09
3.4778e+08
2.0651e+09
3.5458e+09
3.2102e+09
7.2701e+08
5.3663e+08
2.3871e+09
3.4379e+09
3.6062e+09
2.9489e+09
2.3651e+09
3.1073e+09
9.8238e+08
2.8707e+09
2.0081e+09
2.0629e+09
2.5065e+09
4.2553e+09
7.9543e+08
3.4498e+09
4.2463e+09
2.8428e+09
3.3182e+09
1.3451e+09
468
