0.0025005
0.00020366
0.00015346
0.0086167
0.00015084
0
0
0
0.0013261
0.00024819
0.0058123
0.0023052
0.00055016
0.0014557
0
0
0.044227
0.0025223
0.00059992
0.00089028
0.0032387
0.0058107
0.054122
0.00088568
0
0.00019525
8.3356e-05
0
0.00025248
0.00082523
0.020892
0.00072894
0
0.00020406
0.0022452
0
0.0016983
0.00030026
0.014333
2.5254e-05
0.0004689
0.00089806
0
0
0.00033291
0.000422
0.00018671
0.0052689
0.000104
0.00014986
0.00030192
0.00017429
0.00060375
0.027486
0.005354
0.00045252
2.6848e-05
0
0
0.06419
0
0.0020808
0
0
0
0
0.05628
0
0
0.0012348
0.00018152
0.00032838
0.00072647
0.0027095
0.0012617
0.00038332
1.9426e-05
0.00094792
0
0
0.00039411
0.0035338
0.0016952
0.0041525
0.00016803
8.764e-05
0.013391
4.7694e-05
0.00032688
0.0041287
0.081355
0
0.0084377
0.00070883
3.2377e-06
0
4.4195e-05
0
0.0030172
0.025501
0.025517
7.4225e-05
0.0022325
0
0.01514
9.3894e-05
0.0071071
0.00052528
0
0.00037842
0.00022141
0.00012061
7.0734e-05
9.4981e-05
0.018131
0.00033605
0.00081
0.00032626
1.0227e-05
0.10353
0.0015053
1.6998e-05
0.034962
1.5055e-05
2.1438e-05
0.0026639
0.00018445
3.8853e-05
5.155e-05
0.017082
0.001738
0.00062288
0.0018744
0.00020257
0.00014547
3.6425e-06
0.0002971
0.00054421
0
0.00028757
0
0.00023611
3.8159e-05
0.0069255
0.0031336
0.00033615
0
0.0060266
0.00016164
0.0062842
0.0081803
0.00033573
0.0011862
0.00043279
0
0
0.0010027
0
0.003878
6.7715e-05
0
0
0.00010972
0.00085375
0.0033656
1.9426e-05
7.2849e-06
0
0.00051217
0.0028846
0.00057073
0.0012221
0.0023783
0
0
3.8853e-05
0.0041224
0
0.00093269
0.034769
0
0
0.00021527
0.0052011
7.5763e-05
0.0085674
0
0.0039032
0
0.0022526
0.00012239
0.0055792
0
0.0032475
0
0
0.0015127
0.003013
0.00014557
0.00022484
0.00061425
0
0.0053615
0
0
0.047357
0
0.0017494
0.00010931
0.0024017
0.0012718
8.5749e-05
0.0018197
0
0.00052758
0
0.0001064
0
1.6998e-05
0
0.00030517
6.8397e-05
7.0906e-05
0.0062684
0.00018296
0.0010345
0
0
0.00063208
0.00031604
0.0016831
0.00081353
0.00035227
0.017331
0.00081591
5.8279e-05
0.00042551
0.00032241
0.00037043
0.0012669
0
0
0.06161
0.005956
0.0008005
0.00070657
0
0.0017092
0
0
0.00010596
0.0010957
0.015003
0.0080594
0
0.0038945
2.914e-05
0
0.00019232
0.00078957
0.00023312
0
0
9.7132e-06
0
0.00083906
0.0018483
0.00037802
0.00038319
0.0004763
0
0
0.0012612
0.00028997
0
0
0
0
0
8.7419e-05
0
0.009281
0
0.00014639
0
0.0021247
0.0082382
0.00051633
0
0
0.00074039
0
0.0010839
2.914e-05
0.00023238
0
0
0.0003432
0
0
0.0092538
0
0.00013321
0
0
0
0
0
0
0.00040536
3.018e-05
7.2647e-05
0.0039171
0
0
0.00020224
0.010412
0
0
0
0
0.00080663
0
0.0019922
0.01065
0
0.00011656
5.8279e-05
0.0063882
0
0.0006606
0.0028651
0
0.001556
0
0
0
0.0024096
0.0032662
0
0.00026403
0
0.02898
3.2054e-05
3.3996e-05
0.0003711
0.00017142
0
0
2.914e-05
0.016444
4.4924e-05
0.0032198
0
0.00015225
0.00066946
0.00040796
0.0065335
0.0016237
0
0
0.0014712
0
0
0
0
0
0
0
2.914e-05
0
0
0
0
0
0
0
0
0
0
0
0
0
0
