0.85714
0.73333
0.85897
0.49577
0.77778
0
1
0
0.66097
0.91912
0.33333
0.56035
0.76989
0.54603
0
0
0.54839
0.52564
0.51586
0.54949
0.47677
0.38971
0.32123
0.7914
0
0.6
0.54113
1
0.64822
0.4
0.64502
0.75202
0
0.6
0.57835
1
0.41667
0.4
0.3083
0.72527
0.75202
0
0.5641
1
0.66734
0.38095
0.6945
0.42204
0.66667
0.68421
0.56452
0.54579
0.56085
0.49167
0.46936
0.84615
0.80952
1
0
0.18952
0
0.34545
1
0.70513
1
0.8
0.39048
0.52727
0
0.33333
0.3
0.5584
0.33333
0.48895
0.52632
0.66667
0
0.4
0.45833
0
0.56506
0.43333
0.53629
0.47563
0.67341
0.75579
0.26218
0.78095
0.53333
0.66842
0.3187
1
0.38462
0.50887
0.825
0
0.6
0.89328
0.2
0.21429
0.3569
0.75556
0.63171
1
0.60635
0.53024
0.53812
0.72874
0.66667
0.58621
0
0.69524
0.52778
0.5
0.33929
0.6
0.33333
0.30556
0.52778
0.21251
0.52763
0.74242
0.54422
0.58095
0.63415
0.44444
0.70769
0.61905
0.77897
0.33158
0.44444
0.52269
0.49048
0.49677
0.60505
0.64141
0.53333
0.51515
1
0.67857
0.84615
0.46559
0.57937
0.39716
0.50639
0.39394
0.71324
0.37154
0.56
0.33538
0.48853
0.50508
0.53036
0.62769
0.72831
0
0.39286
0.79048
0.50909
0.54131
0.62821
0.83333
0.66667
0.1
0.40659
0.71171
0.50327
0.83333
0.50122
0.39048
0.53442
0.4
0.32051
0.69103
0.77273
0.67857
0.65455
0.5803
0.42045
0.32101
0.72605
0.75238
0.53822
0.37549
0.51111
0.61379
0.7033
0.45074
0.73077
0.48897
0.64387
0.33333
0.67488
0.45287
0.44444
0.73684
0.6
0.38095
0
0.58095
0.57143
0.50605
0.43333
0.75641
0
0.28571
0.7
0.41331
0.71111
0.71023
0.61594
0.5
0.47059
0.86667
0.54878
1
0.5584
0.62222
0.8
0.55974
0.63258
0.60684
0.53333
0.44972
0.42857
0.36029
0
0.91667
0.57143
0.59259
0.66667
0.45846
0.4958
0.48889
0.71429
0.5746
0
0.47712
0.51693
0.42671
0.42105
0.47253
0.24568
0.4
0.40957
0.37526
0
0.41714
0.55971
0.83333
0.48352
0.45833
0.62564
0.47024
0.64528
0.42391
0.69516
0.64387
0.47592
0.16667
0.42492
0.66667
0.60189
0.43636
0.62474
0.5954
0.44921
0.58333
0.67273
0.39596
0.68571
0.85897
0.1
0.43636
0.69435
0
0.67029
0
0.9
0.72222
0.50754
0
0.40524
0.55079
0.92982
0.30303
0.16667
0.47
0.68379
0.8
0.49683
0.6
0.3619
0.47619
0.57143
0.67803
0.8084
0
0.71212
0
1
0.24211
0
0.33333
0.82418
0.81905
0
0.80952
0.53904
0.72059
0
0.38889
0.59559
0.43665
0.45455
0.7619
0.41667
0.33333
0.3
0.77778
0
0.46667
1
0.33333
0.30303
0.54624
0.52439
0
0.47534
0.66445
0.38095
0
0.71739
0.39223
0
0.8
0
0.33333
0.36742
0
0.35897
1
0.60606
0.52688
0.66667
0.39167
0.33333
0.53846
1
0.56092
0
0.26144
0.50667
0.29487
0.63768
0.47222
0.33333
0.4
0.32143
0.22727
0.65812
0.4
0
0.61111
0.5
0.72938
0
0
0.51111
0.84314
0.56333
0.5584
1
0.82222
0
0.66667
0.77778
0.4
0.69474
0
0
0.68571
0.66316
0.52778
