-0.039807
-0.0082204
-0.0063806
-0.11253
-0.0095226
-0.00059961
-0.00089449
-0.00037879
-0.011642
-0.011769
-0.0038969
-0.12028
-0.014887
-0.096051
-0.0010268
0
-0.011097
-0.015226
-0.11549
-0.12505
-0.11438
-0.010058
-0.12341
-0.017414
-0.00059961
-2.1641e-06
-0.05922
-7.7593e-06
-0.0084965
-0.0057672
-0.0094449
-0.017754
-5.0993e-07
-0.0043939
-0.010274
-0.00097662
-1.7297e-05
-0.0011868
-0.015297
-0.0052636
-0.017673
0
-0.01543
-0.0038945
-0.013867
-1.9384e-05
-0.019673
-0.12438
-3.0538e-05
-0.0094694
-0.08727
-0.1308
-0.074903
-0.031869
-0.13893
-0.035795
-0.0003579
-0.0024226
-0.00059961
-0.024215
-8.331e-07
-3.3838e-05
-0.0067157
-0.0037121
-0.003738
-0.0021642
-0.011495
-0.0011532
-8.3789e-07
-0.00032394
-2.4891e-06
-0.069902
-0.012587
-0.12843
-0.10168
-0.0081293
0
-3.6405e-05
-0.0056573
-0.0031089
-0.012442
-0.0045924
-0.039149
-0.088431
-0.017223
-0.01568
-0.041466
-0.0092639
-0.097286
-0.0097269
-0.12878
-0.003738
-0.00034724
-0.12869
-0.0095093
-0.003692
-0.011195
-0.014577
-3.3644e-05
-0.00027852
-0.12158
-0.0077453
-0.020438
-3.4849e-05
-0.023697
-0.079817
-0.018971
-0.016178
-0.0060874
-0.083492
-0.00025598
-0.021029
-0.0012649
-1.7535e-05
-0.12559
-0.0051649
-0.0073864
-0.011145
-0.00035206
-0.18125
-0.079741
-0.0050858
-0.025463
-0.10129
-0.018081
-0.00035152
-0.017958
-0.0013166
-0.018832
-0.010074
-0.054943
-0.082569
-0.043282
-0.078975
-0.022016
-0.022261
-0.010174
-0.01264
-3.3912e-05
-3.7872e-05
-0.0070168
-0.097171
-0.097786
-0.060043
-0.048168
-0.0061715
-0.0066945
-0.025675
-0.039307
-0.13485
-0.038829
-0.14127
-0.10471
-0.034171
-0.017449
-0.0010672
-0.012619
-0.0068662
-0.1201
-0.070522
-0.015067
-0.0067154
-0.010465
-1.0877e-05
-0.00037209
-0.016635
-0.047487
-0.0080598
-0.13245
-0.006179
-0.024696
-0.0043503
-0.020373
-0.022211
-0.003334
-3.7872e-05
-0.025518
-0.10823
-0.081484
-0.18331
-0.020748
-0.0090805
-0.025524
-0.043097
-0.0015756
-0.044571
-0.013285
-0.067233
-0.0059479
-0.051779
-0.072603
-9.069e-06
-0.036692
-0.031055
-0.023964
-0.017602
-0.00479
-0.086734
0
-0.0095442
-0.10047
-0.036898
-0.013805
-0.019095
-0.0045391
-0.12555
-0.010208
-0.069766
-0.019837
-0.017996
-0.010938
-1.1926e-05
-0.010958
-0.019153
-0.050951
-1.8166e-05
-0.06994
-0.022456
-0.0054161
-0.025491
-0.037952
-0.035133
-2.9073e-05
-0.15166
-0.02934
-0.031084
-0.0030386
-0.019675
-0.0051821
-0.030527
-0.00036743
-0.037616
-0.0879
-0.00062421
-0.019105
-0.089245
0
-0.043458
-0.090936
-0.12999
-0.08043
-0.029539
-0.14722
-0.004024
-0.10982
-0.089442
-0.0045391
-0.11866
-0.09041
-0.00021665
-0.00035727
-0.03991
-0.020459
-0.026975
-0.04111
-0.02358
-0.040158
-0.031743
-0.13319
-0.0040669
-0.13392
-0.0036428
-0.046587
-0.023934
-0.021624
-0.041903
-0.048415
-0.03018
-0.0027798
-0.098222
-0.026526
-0.0079547
-0.0048466
-4.8962e-05
-0.022107
-0.00063188
-0.0094198
0
-3.325e-05
-0.01946
-0.13705
-0.00096148
-0.041956
-0.035052
-0.0095775
-2.0916e-05
-0.0032664
-0.053141
-0.0086028
-0.0025269
-0.047039
-0.010225
-5.1525e-05
-0.14897
-2.4851e-06
-0.014352
-0.019813
-0.00035015
-0.0077514
0
-3.4849e-05
-0.019376
-9.6495e-05
-0.007864
-0.0085123
-0.0098616
0
-0.0088287
-0.10018
-0.0095971
0
-3.8226e-05
-0.02566
-0.12866
-0.00062465
-0.023958
-0.0075978
-0.10539
-0.0097749
-0.0098968
-0.00024945
-0.0041257
-3.5787e-05
-2.0593e-05
-0.00012064
-0.075825
-0.10704
-0.00026386
-0.12271
-0.021856
-2.7261e-05
-2.989e-06
-0.06427
-0.11206
-9.9642e-05
-0.0096734
-7.4014e-08
-0.00091244
-0.02634
-1.5452e-06
-1.2925e-05
-8.8904e-05
-0.01986
-0.075797
-1.9026e-05
-0.0082903
-1.7963e-05
-0.0065806
-8.9155e-07
-0.073805
-1.4694e-39
-0.00034762
-0.064825
-3.862e-05
-0.061805
-1.1557e-05
-0.00038194
-0.0017768
-0.0021249
-0.00033778
-0.035502
-0.0060496
-2.2457e-07
-4.8307e-05
-2.0313e-05
-0.022299
0
0
-0.0096751
-0.011597
-0.061937
-0.060533
-7.5211e-05
-0.0018179
-0.0030105
-0.00097901
-0.0015625
-0.0092006
-0.011297
-0.00073969
-4.4409e-16
-0.0051901
-0.058025
-0.0089748
