580
647
582
1186
828
2789
3802
333
392
649
231
335
1150
471
1078
1
566
388
385
760
447
586
1568
438
4999
211
641
301
574
1023
530
419
999
921
306
980
289
3156
269
584
601
1
623
2063
321
672
687
376
43
392
343
677
1066
389
384
624
388
83
3659
279
2885
161
779
703
3280
433
783
218
325
842
416
368
788
532
448
542
891
169
442
2723
698
461
327
995
182
402
571
756
313
199
570
4999
177
576
300
99
440
418
1087
450
530
1177
732
983
693
555
834
172
811
1003
4999
483
310
290
442
756
462
548
828
310
546
443
403
366
580
561
618
172
214
90
532
325
780
523
272
504
451
505
31
168
479
905
330
474
445
396
680
557
473
467
541
442
490
908
337
1305
570
620
429
492
550
298
2746
548
477
390
706
324
399
462
722
1165
698
429
585
236
755
439
458
254
462
1045
230
820
3409
344
391
663
258
631
426
182
473
376
427
312
654
606
260
595
1024
389
458
552
4999
603
490
488
626
329
397
142
472
995
424
155
2604
930
450
197
740
518
720
352
568
508
217
608
790
687
121
510
415
31
657
488
1
369
573
492
387
796
380
776
548
4999
4999
399
299
1912
566
447
631
422
409
341
409
565
291
1159
313
4999
579
1068
258
653
393
527
1495
1076
394
810
2636
173
574
245
352
1
140
471
462
3147
989
711
460
147
281
493
678
503
1694
594
171
415
587
338
274
2470
526
1
278
962
364
1148
261
566
1
1461
737
585
1
399
424
380
187
541
684
303
769
556
1
923
432
146
280
1835
439
2795
590
283
187
2524
1769
336
1832
2968
1732
293
530
463
345
523
654
259
587
621
743
824
288
417
1
571
689
2040
449
135
167
584
583
366
653
3532
1028
41
1286
379
1
1
339
829
784
434
674
1003
1981
637
863
4985
832
4725
1
190
836
1242
786
374
3077
442
1120
3091
2586
325
214
530
1430
296
644
430
3987
1
1291
152
640
642
1036
265
409
394
4999
873
361
422
508
679
361
269
526
897
558
360
357
3576
458
622
295
1
243
1913
300
780
192
458
110
652
542
390
867
459
560
616
1160
121
4999
393
538
178
578
758
4999
152
519
710
942
308
797
392
604
369
459
554
484
157
644
2024
940
361
610
481
623
360
205
703
760
737
512
3178
417
380
662
456
994
1002
949
379
457
430
1929
882
466
554
642
368
493
613
4999
348
1228
195
766
1505
843
100
415
455
470
349
493
373
526
283
642
898
404
866
755
434
1989
1271
844
220
1130
430
76
79
513
526
348
870
406
832
451
475
489
867
582
350
337
983
306
1624
926
469
578
465
672
398
2831
1255
348
454
633
425
532
430
575
956
1756
670
939
218
453
411
493
354
351
793
242
722
550
543
421
692
767
545
321
162
498
529
439
368
819
564
781
486
2770
506
555
1310
2954
1112
507
936
1193
377
2382
382
540
1065
513
327
414
826
643
715
614
475
162
389
606
280
859
194
920
304
240
316
1071
204
818
321
1
716
500
564
429
956
416
215
554
396
4999
284
595
757
208
645
330
568
321
418
1173
647
326
2153
417
2828
576
618
510
488
405
1021
578
311
456
151
4999
554
315
373
403
1
153
401
472
4999
500
579
420
231
352
402
519
705
890
390
116
443
391
273
495
4999
204
1
394
4999
165
678
560
308
1
459
463
446
1
155
386
440
217
447
343
453
1125
740
1
90
303
312
157
485
672
4999
353
203
140
519
396
583
2825
829
1680
119
574
1991
248
1298
423
448
622
874
251
1979
382
1035
1
170
325
106
1328
358
94
292
802
365
453
2639
379
89
301
259
1
1
703
473
511
472
332
296
4999
1885
533
1072
562
4999
1
469
467
446
667
461
495
512
1054
1673
887
751
558
1321
253
857
251
555
3305
1
716
122
630
419
552
582
295
474
4999
166
547
1148
355
387
244
302
428
353
434
469
957
2075
600
524
491
1
322
582
272
1726
472
474
595
502
4999
708
561
555
288
966
619
852
4323
53
346
570
1047
597
4999
400
523
807
410
214
874
443
552
322
428
513
479
63
823
1642
384
1137
200
430
568
313
427
387
1257
507
401
4999
56
577
211
83
459
287
529
196
1086
615
292
970
210
329
559
392
1768
548
4999
691
120
335
403
249
702
347
216
405
313
599
711
508
327
1527
389
421
847
993
454
269
433
505
203
949
329
369
58
291
773
1633
583
275
288
389
515
360
526
513
618
484
1065
1067
410
4999
573
493
633
347
377
507
1534
90
302
394
834
827
355
675
198
2817
1580
411
293
191
200
361
501
556
690
452
364
102
271
355
447
326
765
280
610
754
650
473
980
537
1033
812
273
504
1288
485
586
386
4999
974
396
501
498
606
408
222
492
806
436
242
529
1016
525
472
508
343
244
325
483
544
388
475
898
318
275
329
734
744
404
421
1
458
690
356
1314
1430
467
483
597
471
4999
765
252
538
69
1293
1026
369
371
439
595
509
671
919
496
4996
910
779
265
268
342
596
443
446
588
2344
4999
334
302
286
398
1
334
263
705
4248
389
38
241
109
312
370
204
840
506
574
204
278
346
401
250
4999
641
1
185
686
667
696
696
528
1
1167
396
722
1
227
505
402
147
353
516
610
643
187
1
742
189
53
256
413
475
2794
391
823
152
4999
794
694
198
4633
4999
314
290
679
683
1113
561
548
1206
410
372
455
187
335
1
147
639
159
433
219
725
129
2419
343
477
403
1073
151
389
365
1
1
1194
567
703
568
862
1775
4999
4591
548
2467
233
4999
1
421
536
647
453
391
549
1344
402
1424
512
421
302
798
239
312
245
1049
3073
1
329
1334
457
3878
310
125
859
208
4999
124
451
738
742
1179
824
380
240
702
432
881
219
4999
495
788
955
1
706
4999
367
420
213
478
114
485
328
657
620
354
738
781
435
204
3566
184
53
315
2379
828
1514
71
557
337
1565
230
428
973
509
463
365
448
1822
86
561
600
235
312
421
410
359
270
766
582
517
951
475
1636
294
1858
305
674
906
326
653
661
423
504
226
404
523
459
435
743
611
350
4999
412
103
262
744
2113
553
149
70
543
334
374
220
396
427
423
414
410
239
286
689
426
723
574
419
470
666
542
85
639
962
1135
380
312
570
562
258
954
411
590
1024
490
230
584
603
1750
683
416
617
495
497
318
899
126
243
303
744
595
334
791
441
200
2150
620
726
142
392
351
448
307
535
541
337
421
611
383
422
481
746
369
604
200
397
578
1021
395
736
446
241
433
658
451
1001
524
4999
440
591
311
656
751
506
133
703
2279
942
172
726
469
717
399
500
413
160
313
357
397
2404
380
719
388
720
695
392
114
564
646
1
327
472
268
744
524
576
2599
433
302
4999
404
594
728
1152
683
1059
1096
637
532
587
686
402
183
1049
4999
632
709
306
540
758
461
1392
427
939
905
1836
400
526
2544
384
1
231
426
370
1091
345
532
615
87
962
485
544
770
394
910
269
341
435
829
644
4999
342
1
465
498
951
956
590
349
1
765
286
538
1
411
267
322
310
415
768
424
440
591
1
506
332
88
68
375
497
4999
462
386
225
1452
681
366
80
738
1018
1950
919
884
275
280
805
408
175
170
1293
331
160
561
1
85
560
243
410
243
193
711
574
231
563
1616
341
79
170
481
1
1
415
659
517
370
99
863
4999
729
498
873
325
1396
1
602
464
380
357
508
405
637
370
4999
4348
2259
524
2016
421
595
452
494
2254
1
384
134
537
483
579
418
828
888
4999
330
540
1983
434
1359
472
397
479
236
382
511
91
2478
580
1146
436
1
692
1174
414
431
387
349
696
925
662
285
391
385
381
1409
258
210
1322
128
4999
155
1069
735
895
424
532
731
444
181
1008
1082
331
534
531
609
684
147
290
619
656
764
403
274
560
223
259
349
522
752
668
1317
302
904
473
662
947
1235
311
847
837
478
367
894
230
310
864
342
1384
535
4999
472
131
313
348
1497
590
767
196
407
772
592
377
264
341
987
491
1054
774
431
340
301
381
649
878
614
480
1073
38
494
495
441
403
559
399
691
608
487
476
379
546
338
529
539
460
4999
411
545
524
711
523
494
1356
699
199
708
577
209
495
379
465
571
573
459
307
46
150
592
715
430
453
703
578
720
647
312
662
384
364
430
545
263
523
444
550
483
616
410
516
529
1822
434
970
355
4999
404
455
645
1268
177
426
198
512
967
426
201
511
235
272
1739
396
440
276
841
820
475
1607
553
542
359
341
912
322
62
512
824
1
422
463
728
555
521
345
60
452
455
4999
620
362
935
154
698
343
492
608
324
426
473
858
792
1851
4999
474
757
257
432
756
561
746
467
687
454
4999
234
580
104
310
1
623
515
471
4480
555
410
383
271
211
878
396
529
428
3189
145
581
334
636
861
2662
592
1
1248
1220
153
645
798
329
1
429
404
358
1
448
576
404
366
506
433
609
1514
1349
1
572
168
133
75
1263
448
4999
425
541
108
4999
603
524
721
2700
4999
408
428
1847
155
159
532
434
304
753
379
602
348
541
1
178
524
159
594
592
291
347
644
380
502
1445
1213
56
226
265
1
1
724
364
470
381
136
485
4999
882
2836
2463
216
1127
1
279
330
596
517
594
984
514
669
4999
772
201
202
541
124
461
234
273
1918
1
693
266
593
368
466
59
242
341
4999
416
549
2496
454
3286
589
320
2885
1179
236
159
474
4999
235
566
330
1
304
2329
381
306
363
334
543
595
551
320
371
452
438
639
535
751
438
1959
968
734
1138
647
1914
329
308
675
1902
582
372
1011
449
416
799
534
1228
141
381
618
475
585
438
539
567
386
321
383
246
498
345
2490
320
381
766
1068
1116
716
127
450
514
533
378
793
251
473
199
347
3104
433
4999
690
371
353
1062
2566
988
584
183
506
677
463
294
554
616
103
387
509
294
417
435
529
487
410
562
450
369
572
115
158
492
308
490
700
519
392
322
693
759
469
624
423
613
522
621
826
485
678
363
1138
645
488
1213
359
741
664
729
441
648
336
570
1466
689
431
618
545
785
398
569
378
346
410
367
177
205
364
426
405
674
269
423
131
501
335
553
534
801
435
258
895
403
1340
2516
480
4999
414
529
385
1217
427
372
53
1845
4999
419
1021
1231
429
642
912
714
641
430
588
1668
598
586
400
832
545
982
426
397
141
545
451
1
283
566
298
846
615
526
609
328
453
4999
382
735
713
308
354
1042
553
370
326
437
837
537
167
383
3360
290
740
249
535
530
521
231
431
425
617
832
315
361
1560
546
1
92
370
472
2697
704
449
515
171
657
464
379
528
1027
1551
430
426
191
455
377
1542
798
1
450
100
468
654
492
303
1
670
472
745
1
120
815
303
172
448
662
1533
394
548
1
885
94
159
92
629
315
4999
593
373
410
4999
522
281
759
889
2223
248
722
1162
140
612
564
459
218
420
591
484
339
391
1
226
524
698
349
293
110
381
576
118
292
4390
170
49
349
526
1
1
384
725
467
463
99
565
2362
893
1834
536
578
1662
1
279
591
391
456
648
503
495
1084
4999
3008
3242
237
619
132
283
837
440
4999
1
403
96
304
535
676
324
872
420
4999
141
440
906
346
707
266
284
457
408
835
769
411
1551
437
336
380
1
646
631
271
843
487
449
163
637
473
323
531
504
1142
593
257
180
1961
328
1224
141
1362
759
4999
117
352
967
241
740
1377
503
312
482
935
739
848
383
497
2882
359
365
880
548
208
382
605
474
437
764
177
3636
370
2096
316
912
1129
1695
1668
391
664
644
961
832
493
340
645
416
752
697
4999
523
272
147
520
1755
769
495
431
323
589
291
749
443
286
458
292
633
356
544
827
591
487
311
532
217
941
172
83
257
449
428
642
353
440
394
790
529
480
385
613
487
486
472
423
4999
603
456
231
385
530
175
1310
719
116
286
630
852
853
429
238
658
1115
656
265
287
1010
773
397
670
761
675
686
100
371
608
1040
677
463
323
426
216
451
451
753
496
235
366
134
496
448
417
370
722
4999
428
476
426
575
530
138
442
709
648
344
458
383
330
592
1118
486
740
244
416
1083
1230
1832
459
649
311
256
492
405
148
66
448
1
342
1061
441
471
570
470
191
548
595
4999
385
597
770
272
364
308
203
497
188
565
699
345
2349
352
4999
457
444
431
384
422
408
170
705
495
1191
3878
605
381
837
1317
1
123
659
439
2293
430
623
453
554
293
495
534
758
694
528
287
332
421
693
848
2131
543
1
395
525
103
1075
1043
514
1
871
990
735
1
640
1194
342
205
486
365
1036
430
424
1
534
433
101
260
921
329
4999
453
572
131
914
600
356
668
2980
1631
213
272
1140
475
420
392
359
700
1128
100
877
119
481
1
876
467
51
454
597
123
540
982
166
547
4999
194
43
742
883
1
1
510
4999
649
708
390
3183
4999
1449
362
625
448
2744
1
127
549
198
504
490
436
560
725
4999
3310
1063
403
513
288
685
692
534
3180
1
206
235
528
359
550
1584
371
496
4999
180
754
779
471
1031
291
278
338
1534
600
441
105
4999
632
555
989
1
849
767
408
852
487
1659
77
728
397
1243
547
371
624
743
450
251
3719
78
4364
157
778
346
1469
706
484
755
1722
354
599
355
528
606
342
666
713
128
345
1108
206
270
512
1211
297
513
334
586
416
1230
406
2971
136
450
347
1006
3118
393
747
996
623
168
546
461
289
297
1075
1084
1858
568
4999
514
876
507
528
666
565
739
380
322
660
829
567
407
1293
429
523
273
390
2939
530
278
1241
506
281
219
420
732
18
159
463
575
441
423
268
536
460
400
287
681
521
304
438
1147
1178
4999
62
359
593
487
378
665
581
768
442
302
597
296
330
471
351
682
935
478
200
362
919
354
634
523
235
217
586
604
653
293
425
556
433
368
356
453
809
413
1382
402
860
941
624
1072
482
539
374
685
3887
380
595
514
464
460
664
685
472
597
445
582
609
257
189
652
601
276
544
519
315
678
3048
690
586
964
697
850
398
161
473
818
1
708
483
607
371
1202
355
812
552
530
678
339
464
824
517
454
465
533
652
417
608
474
888
2142
277
4999
331
378
488
648
371
437
739
817
388
645
4999
670
540
457
276
1
224
500
993
974
645
292
317
525
190
398
567
349
372
645
526
408
556
352
251
4999
549
1
133
701
311
1122
1002
193
1
1300
396
492
1
306
355
290
35
382
765
413
658
251
1
612
309
103
271
522
325
4999
435
567
75
4109
632
508
585
1944
1653
371
637
506
931
193
667
577
626
453
243
396
211
330
1
217
862
219
492
227
432
262
167
238
385
700
204
93
191
430
1
1
735
707
478
562
639
217
4999
1055
1089
1154
708
4999
1
552
923
704
405
595
329
428
486
4999
2404
2505
197
447
152
342
268
690
4999
1
476
168
498
396
459
676
456
376
4999
58
624
1488
315
559
478
1094
457
374
417
587
265
4999
826
370
356
1
275
3860
232
244
275
409
167
287
386
413
494
461
403
827
544
385
707
308
2538
103
1312
307
1213
177
480
404
1163
378
1863
737
955
590
274
168
413
411
451
358
658
814
499
476
353
574
632
445
463
625
429
1159
129
422
644
266
788
666
892
480
553
434
561
1473
285
471
247
280
3244
328
4999
435
341
399
670
3288
616
613
506
262
379
494
206
741
381
268
237
656
689
350
720
1240
101
890
443
647
868
907
141
299
899
511
499
927
417
1241
542
334
41
1000
451
376
386
497
820
907
414
1012
571
494
530
599
1276
274
330
244
1047
517
587
436
583
534
566
448
1139
493
634
604
4999
420
386
237
309
1064
329
368
1254
425
302
500
662
373
879
483
2153
1601
868
507
128
658
548
603
810
475
4999
891
554
472
375
1013
837
113
722
1637
648
347
744
214
419
754
581
396
250
427
580
698
1235
1049
311
391
713
330
383
25
452
321
1
1276
732
403
444
493
545
128
54
344
4999
912
836
445
624
518
445
513
418
372
368
1506
306
784
329
4999
634
721
588
608
488
346
1890
331
740
538
4999
1301
441
277
489
1
437
225
467
4513
1224
388
266
393
403
365
272
606
173
831
83
583
442
527
365
4999
1101
1
1856
1165
136
563
488
400
1
922
630
629
1
335
638
623
26
520
525
1058
767
487
1
626
465
201
67
576
402
1816
342
187
51
669
2133
493
231
1126
1300
863
1087
616
242
452
404
357
462
1586
144
471
401
398
1
383
428
58
484
502
673
754
689
285
1026
1500
586
54
126
217
1
1
609
425
643
425
135
371
4999
808
414
805
1018
586
1
938
799
419
363
427
981
350
366
938
462
870
372
522
1122
520
518
286
4999
1
316
135
323
280
454
383
867
835
4999
287
854
473
497
394
242
380
1750
217
432
364
297
1961
421
587
256
1
488
1060
436
451
375
272
113
323
694
548
614
317
524
806
889
566
1089
658
1624
193
1854
717
2656
478
445
512
526
52
896
887
389
275
449
482
392
69
249
2040
620
264
600
795
554
353
374
552
667
955
441
1458
151
308
527
433
3661
323
669
454
445
603
820
740
370
419
507
398
3125
417
4999
746
91
282
395
1470
671
479
403
363
435
643
456
420
477
436
201
110
172
223
500
1486
857
770
227
536
922
624
123
194
268
541
380
576
456
513
191
543
636
890
365
622
1019
330
469
4253
383
381
424
951
1654
557
847
1449
341
396
517
172
752
2116
204
1173
2734
281
298
322
227
656
570
381
322
617
220
710
490
328
635
693
843
464
420
163
1251
594
736
523
499
361
108
569
303
638
635
738
4999
396
340
670
604
321
612
169
586
3179
1135
607
379
722
168
369
363
505
458
831
576
332
823
224
410
1547
1356
413
256
131
560
411
1
389
416
367
341
628
662
850
651
370
4999
502
423
1150
164
289
287
220
579
226
481
410
1307
734
719
4999
967
635
687
873
262
427
689
466
446
650
967
563
398
1783
826
1
268
407
600
3042
353
421
299
150
373
483
270
809
460
1180
96
581
82
452
1209
4999
378
1
927
743
192
1192
999
569
1
564
611
576
1
190
403
419
217
502
436
486
570
443
1
589
660
101
50
481
276
3357
465
269
238
740
467
505
1941
2377
4999
746
736
140
281
86
532
374
264
547
353
495
94
499
1
303
568
351
341
260
68
651
529
315
151
1582
426
71
388
586
1
1
730
321
471
718
149
409
1317
1570
1144
1529
481
315
1
163
727
459
