152
158
173
122
118
2
193
3
59
53
2
159
167
173
6
0
53
2
154
148
166
10
161
47
0
7
125
3
151
118
163
172
3
2
53
8
2
2
7
157
167
0
167
111
44
13
150
139
5
164
110
148
166
155
95
124
10
2
5
4
3
7
140
175
158
172
176
3
5
2
4
113
157
162
167
149
2
2
45
163
164
10
161
112
51
161
161
128
132
11
165
0
2
120
120
2
136
140
14
10
149
114
181
5
176
165
177
37
2
112
0
165
4
9
150
11
119
159
166
106
168
147
49
119
167
14
151
3
46
3
173
167
162
117
46
158
155
132
2
5
44
105
155
111
135
127
155
161
166
116
102
118
109
127
151
3
166
49
175
140
163
55
2
2
159
179
175
18
104
165
155
6
111
152
171
5
2
107
123
97
175
163
60
107
104
118
149
164
40
162
164
2
127
150
109
48
187
169
2
161
149
111
153
98
0
129
168
144
113
47
166
2
161
147
108
5
171
176
146
48
115
119
5
114
162
133
2
114
130
175
2
166
111
2
154
158
0
171
146
154
151
183
162
2
174
167
0
141
98
8
13
168
169
166
96
105
159
124
159
128
171
0
118
146
48
160
167
126
163
154
99
165
2
2
136
2
154
0
3
153
131
131
115
148
143
6
2
98
49
147
119
159
3
125
8
45
50
3
115
0
2
110
2
170
19
170
0
110
176
176
0
8
108
113
6
170
130
155
169
159
0
107
4
7
3
131
137
5
118
47
5
2
161
170
2
167
2
4
167
11
11
2
105
91
7
104
10
167
2
123
0
8
163
131
125
6
8
7
92
14
165
139
2
2
9
164
0
0
110
179
172
117
152
132
116
3
158
176
140
54
0
13
171
156
175
121
169
155
160
6
4
2
42
167
108
127
155
106
133
0
159
2
153
147
124
12
111
48
0
170
173
2
155
13
45
45
3
5
169
2
7
109
14
162
146
0
46
150
49
15
49
154
4
156
159
108
122
124
173
120
9
3
0
169
2
7
103
176
110
2
54
184
4
2
9
158
178
84
136
143
2
9
51
163
177
3
153
154
163
41
19
124
116
163
157
2
10
125
159
110
97
164
3
9
108
125
153
6
46
147
151
55
2
146
1
102
11
4
166
3
156
5
11
171
121
155
158
166
149
7
201
11
52
12
172
171
153
132
155
46
157
171
3
2
155
159
160
125
167
142
155
150
167
122
168
168
162
151
50
2
149
150
124
175
115
54
145
2
5
165
165
101
122
160
159
4
158
159
165
4
139
122
155
155
159
153
50
127
12
163
162
138
161
122
98
5
145
170
155
41
163
161
2
122
123
147
116
170
152
163
122
171
167
48
122
8
124
162
114
2
138
174
4
165
152
104
3
157
113
111
121
2
2
105
7
149
156
6
170
97
0
174
149
113
105
119
122
2
142
115
0
117
162
3
15
174
46
143
124
168
163
147
98
110
157
165
170
173
62
175
168
115
7
102
104
10
0
7
46
2
49
0
3
163
106
0
117
164
167
3
2
103
147
176
169
126
9
149
14
40
175
0
17
0
6
161
2
139
150
46
0
146
150
118
0
8
113
161
2
114
99
124
111
152
0
2
6
16
5
163
159
0
112
48
4
2
150
119
2
111
2
2
154
10
7
4
109
150
11
171
11
94
6
163
0
5
103
5
131
18
8
3
99
16
125
13
2
5
4
50
0
0
3
45
169
117
2
5
0
113
2
92
183
0
0
120
116
118
125
167
152
183
106
6
121
151
44
180
2
117
51
169
177
0
49
3
153
103
119
170
162
48
0
2
114
9
54
6
44
46
2
4
50
10
3
159
11
168
153
0
37
6
60
4
160
156
174
169
172
152
160
115
148
152
13
103
10
2
2
63
174
167
0
10
161
48
6
2
3
159
141
160
113
157
2
4
170
124
47
112
32
111
169
44
115
16
147
114
147
0
2
127
13
2
117
45
2
3
126
108
38
7
43
155
161
155
111
125
0
121
3
9
136
5
155
104
7
174
143
167
137
114
55
7
46
5
163
3
172
110
156
116
44
180
108
110
2
3
114
166
171
117
106
125
159
107
108
135
115
139
164
146
170
0
157
46
158
136
160
51
2
5
6
57
122
174
114
160
45
115
160
170
46
7
2
108
173
180
179
161
153
2
2
113
139
164
163
40
156
11
168
170
178
66
89
184
2
170
112
168
158
116
0
112
139
120
103
122
106
4
164
110
168
4
114
154
166
143
161
154
9
92
170
116
98
119
157
171
5
107
159
6
132
85
0
137
114
125
132
182
115
2
168
102
0
169
103
5
2
123
143
156
165
111
164
108
162
179
110
162
173
173
50
107
101
164
12
154
98
177
0
2
49
2
65
0
8
52
116
171
160
3
47
2
3
146
46
168
142
166
8
170
5
161
52
0
20
0
3
110
2
109
165
155
0
172
111
162
0
5
165
105
3
165
155
164
174
14
0
163
3
2
7
169
161
6
113
132
2
120
168
118
2
113
0
17
108
3
18
3
157
125
8
166
4
128
4
116
0
8
170
4
169
4
126
2
115
11
97
5
13
3
9
45
0
0
163
171
110
169
114
121
0
163
181
143
14
0
0
116
175
2
177
162
48
116
157
2
8
7
159
160
2
132
47
168
114
0
44
182
167
160
109
2
113
44
0
5
157
13
174
10
152
143
3
110
151
164
5
0
5
185
170
0
182
0
60
6
46
158
9
159
104
113
153
139
170
172
2
5
9
6
2
4
118
162
112
2
52
4
16
2
2
171
158
114
168
173
2
2
52
128
46
4
123
149
161
48
167
116
162
160
159
163
8
156
113
2
136
47
2
17
129
165
39
6
153
171
49
182
117
166
0
127
3
8
109
9
106
5
3
153
99
46
46
108
162
5
49
6
46
8
174
119
153
113
46
54
20
151
2
125
176
145
161
99
118
160
46
128
103
100
150
139
96
150
176
7
155
45
164
174
169
49
170
2
12
50
171
156
154
164
142
2
3
155
177
6
2
142
117
104
51
166
153
147
8
117
113
170
181
96
117
2
151
167
150
160
150
96
2
121
102
150
157
105
0
163
167
149
77
179
164
10
170
108
161
3
153
156
159
45
132
106
6
121
110
153
177
136
169
101
169
166
157
3
187
168
0
101
143
109
182
159
166
146
150
101
0
147
165
12
173
113
172
171
102
119
161
184
151
2
128
0
122
149
52
157
164
162
121
123
154
172
103
8
154
2
40
0
5
149
118
114
142
149
170
4
187
102
163
156
128
169
14
123
5
168
155
0
17
0
5
152
144
171
127
48
0
166
109
179
0
12
116
115
5
162
169
102
102
175
0
120
5
3
2
102
109
0
169
167
2
4
140
121
2
94
2
182
130
2
8
2
110
165
2
3
112
124
3
116
0
2
103
6
118
3
8
170
110
7
174
7
3
3
8
52
0
0
102
157
171
119
2
167
173
193
9
105
18
165
0
168
131
5
160
125
165
123
170
0
11
15
170
143
125
161
147
120
163
0
133
2
119
158
125
7
105
152
0
10
85
13
158
5
147
54
4
2
45
11
4
10
158
173
154
0
174
6
44
9
156
148
14
178
150
139
113
149
112
103
2
5
5
2
0
12
157
53
2
7
171
21
2
2
7
185
2
170
195
119
2
7
48
118
155
127
115
97
172
51
17
130
165
156
176
116
7
149
167
2
125
158
6
148
158
126
130
7
45
111
175
170
2
176
0
155
3
7
130
8
168
129
15
159
193
153
49
104
49
186
49
101
151
12
163
98
116
89
182
167
109
105
3
4
169
110
160
153
168
155
159
143
178
111
157
93
112
159
43
0
111
56
166
148
147
171
176
14
14
159
161
13
161
116
155
3
132
163
49
4
2
124
140
170
153
163
189
181
122
101
95
110
46
153
174
6
161
136
166
182
173
109
2
13
93
94
114
107
0
114
110
155
158
54
107
2
140
2
159
4
162
49
2
177
156
162
11
95
131
160
104
112
3
110
6
164
161
2
163
116
0
155
109
123
170
162
162
2
177
110
0
81
164
2
4
176
45
181
103
112
170
174
169
2
170
0
153
120
59
152
124
171
4
155
167
18
0
10
153
2
55
0
8
177
113
167
167
126
148
5
2
123
43
52
151
148
10
152
3
163
167
2
21
0
4
123
2
128
116
53
0
2
129
54
0
12
161
170
5
152
141
151
93
131
0
166
7
8
3
157
149
1
121
164
3
0
170
143
2
112
0
2
166
2
3
2
120
97
2
96
9
134
6
124
0
5
108
2
106
64
7
5
178
12
151
118
2
3
7
45
0
0
154
44
146
130
3
6
0
115
178
107
13
57
0
20
114
160
169
166
165
114
118
0
6
2
44
45
2
106
45
87
145
0
159
3
158
106
154
2
101
43
0
8
109
4
51
2
174
52
11
110
42
2
16
0
2
54
153
0
34
136
49
8
152
112
20
165
114
149
97
176
144
123
54
12
2
124
2
62
108
148
2
13
44
62
2
174
5
117
161
120
164
164
2
3
52
171
162
9
134
171
147
170
159
18
104
160
152
144
8
107
126
159
123
51
2
7
162
124
45
4
46
164
48
49
164
130
0
111
6
16
166
98
174
170
6
190
164
48
45
109
156
3
152
9
46
2
160
158
141
120
175
48
120
97
4
6
150
169
113
170
156
144
52
130
149
146
158
163
157
169
159
121
157
52
139
167
157
166
107
7
173
152
101
113
148
106
159
147
152
166
43
5
162
101
177
148
49
156
164
5
3
142
118
152
168
118
97
2
159
107
145
157
9
166
2
107
119
170
157
157
0
142
170
116
176
48
129
2
160
0
155
8
172
156
154
54
172
173
15
177
184
119
165
105
116
165
109
112
141
3
125
114
0
144
167
116
181
167
169
2
103
141
0
100
154
7
12
104
164
170
103
129
169
166
111
2
116
148
97
161
43
124
115
118
3
158
168
175
2
11
150
2
174
0
2
51
150
106
187
114
51
7
2
139
45
145
163
112
13
165
4
155
158
174
124
0
5
3
2
163
43
53
0
157
172
180
0
4
191
156
5
123
114
173
162
179
0
59
2
3
2
119
106
0
165
152
11
0
126
88
2
2
2
2
174
2
9
4
144
164
6
100
9
135
16
141
0
7
168
14
111
10
4
6
170
2
94
167
2
3
2
56
0
0
157
196
97
116
2
11
166
175
7
166
182
3
0
16
124
5
101
172
148
159
159
0
5
3
47
168
2
116
166
166
0
0
54
2
148
162
108
4
159
155
0
6
166
7
46
6
56
52
2
175
189
3
13
11
6
170
145
0
168
4
48
15
149
173
4
182
124
120
107
154
117
161
5
2
2
9
4
5
162
155
0
5
58
169
4
13
8
101
2
111
120
171
2
7
56
98
172
10
127
160
43
153
165
107
151
114
46
2
6
159
123
119
161
159
118
5
158
171
165
8
170
156
174
54
111
150
0
160
5
3
141
114
116
171
6
99
131
47
168
107
140
14
55
111
46
118
133
181
148
150
170
54
167
3
3
3
172
143
159
80
167
107
156
101
101
105
126
131
173
165
165
98
109
52
113
167
114
45
2
4
7
46
169
166
176
125
46
5
141
49
49
8
160
151
160
168
152
169
130
2
3
144
153
170
150
103
92
2
140
102
110
148
3
163
2
131
102
176
121
159
0
155
164
114
157
166
13
3
170
137
104
4
167
48
113
168
103
117
9
120
169
172
124
168
119
114
2
149
141
5
2
120
0
109
164
118
104
116
171
2
165
149
0
153
149
11
12
117
49
46
98
13
171
144
151
2
156
0
172
150
177
169
161
167
8
176
177
159
130
8
53
2
147
0
5
165
116
112
101
102
44
9
3
118
162
49
163
149
10
149
9
160
173
4
184
0
5
159
2
180
116
47
0
153
168
170
0
13
119
155
3
113
143
123
145
169
0
159
5
3
7
124
118
0
140
167
5
4
157
119
2
126
2
8
17
8
9
3
161
102
169
165
2
117
2
118
0
118
112
3
116
11
7
129
180
3
123
8
2
2
163
178
0
0
7
163
110
152
2
119
0
162
6
173
166
162
0
12
166
5
112
148
150
167
159
0
12
134
147
169
2
168
167
162
177
0
41
2
179
112
107
150
136
167
0
6
176
15
156
8
47
53
4
137
169
2
4
0
12
154
172
0
147
11
149
10
57
141
4
160
111
167
124
103
169
157
49
10
6
2
2
5
150
49
2
136
49
13
2
3
11
152
179
112
155
157
2
2
59
166
47
7
146
162
46
143
124
179
160
174
155
2
4
170
155
122
169
38
18
181
112
2
177
5
47
101
167
61
122
172
0
166
124
8
147
164
93
177
8
101
107
162
58
120
160
52
157
12
151
173
180
150
130
193
48
41
19
159
2
8
48
148
172
161
98
115
177
116
92
103
106
160
160
123
155
0
3
51
118
122
162
152
159
2
147
43
156
18
147
119
158
174
183
150
37
4
102
164
139
117
45
49
154
150
158
148
158
173
135
103
138
3
174
119
170
158
182
162
2
171
114
163
6
116
174
156
145
183
166
45
171
15
159
141
172
4
149
47
5
168
120
94
19
155
112
167
114
173
4
173
173
160
116
6
111
121
0
156
108
179
103
176
101
2
111
162
173
160
167
3
21
111
54
161
120
187
179
166
166
2
118
0
119
119
171
110
113
151
183
166
170
117
0
12
146
2
41
0
3
160
168
140
137
103
49
15
2
120
168
50
103
164
7
127
13
50
49
0
138
0
2
161
2
146
109
46
0
176
119
16
0
14
106
113
3
145
169
106
152
15
0
156
7
4
6
184
148
2
150
49
2
2
153
169
2
162
2
2
152
5
185
3
144
171
9
111
7
14
5
141
0
13
174
13
167
6
60
7
3
3
104
5
2
6
2
160
0
0
160
163
158
168
109
4
187
129
8
153
101
0
0
123
144
5
123
111
47
147
180
0
3
2
43
47
3
170
40
178
0
0
163
2
145
116
109
8
154
170
0
2
128
9
47
2
47
164
2
3
150
5
2
0
190
48
152
0
52
6
48
2
44
172
2
20
157
112
175
110
118
130
60
3
4
3
2
2
153
52
142
6
158
13
2
2
5
116
125
118
115
5
2
9
50
106
172
163
174
103
45
160
156
170
159
167
161
2
3
170
174
2
175
161
4
8
112
120
155
6
45
178
45
44
2
109
0
161
11
6
174
173
141
155
53
171
174
153
43
172
157
2
52
3
161
6
153
168
2
111
56
60
119
160
3
8
166
172
138
101
139
114
159
88
3
103
135
170
113
147
188
121
160
168
168
161
151
147
143
3
7
48
173
124
158
163
52
2
168
181
155
5
149
176
163
161
46
48
53
173
5
108
113
149
46
170
157
7
112
120
153
168
104
168
2
174
151
168
152
109
0
174
130
145
165
44
164
3
125
157
171
4
152
48
108
163
160
159
12
155
117
121
160
179
5
139
164
116
167
3
102
153
0
120
152
121
139
173
115
2
2
95
0
167
115
6
151
100
46
160
108
97
117
169
107
167
156
0
153
161
162
125
155
111
5
119
176
162
0
6
50
2
158
0
5
50
161
132
175
128
155
13
109
116
50
172
33
162
5
146
16
168
45
1
105
0
162
151
2
119
156
43
0
120
155
103
0
15
154
177
2
153
170
170
158
159
0
101
3
6
2
160
105
2
101
44
2
2
115
137
2
126
2
2
158
6
7
4
113
164
2
174
2
106
18
114
0
13
182
4
158
5
7
121
124
2
122
187
3
3
5
44
0
0
161
142
144
129
3
7
0
144
8
129
116
2
0
114
103
3
124
170
166
146
19
2
4
2
47
44
169
161
50
103
0
0
51
2
103
109
170
6
149
168
0
5
160
4
153
8
51
162
11
3
60
6
10
11
9
49
46
0
166
134
140
7
160
109
6
117
167
166
152
117
161
162
161
117
168
179
2
4
149
151
2
122
52
165
2
2
4
185
116
114
117
171
2
2
46
179
149
12
161
161
60
50
164
155
168
156
153
2
6
121
112
2
100
41
7
10
106
179
163
4
49
127
68
156
177
117
0
169
2
16
123
174
165
109
57
120
162
165
175
131
40
3
45
3
44
6
101
174
153
150
44
167
187
158
2
5
49
156
151
149
110
154
47
116
163
135
155
132
163
114
42
4
52
34
143
190
175
177
177
3
18
163
164
16
108
104
50
4
154
47
48
6
2
150
156
118
38
163
44
122
3
116
176
127
139
167
108
11
139
152
170
156
165
113
2
128
133
162
159
162
0
157
169
176
172
140
164
2
159
123
146
2
106
171
3
41
123
102
13
133
162
96
119
4
4
109
4
173
107
6
118
155
0
107
169
99
154
106
101
2
155
150
0
177
120
110
6
98
48
42
161
17
155
121
173
168
176
0
176
98
171
118
96
171
3
158
116
158
2
16
143
2
171
0
6
45
112
176
143
164
47
4
155
168
54
167
119
155
3
176
2
145
167
0
18
0
6
127
2
160
162
159
0
108
140
129
0
11
167
163
5
149
101
97
104
171
0
163
3
3
2
152
104
162
161
54
2
4
107
106
2
123
0
148
143
2
11
2
107
104
4
169
2
125
3
110
0
10
140
8
145
18
4
7
135
50
38
151
2
4
10
155
0
0
161
38
161
137
2
10
162
127
132
173
165
54
0
14
181
101
