0.11668
0.17146
0.13135
0.057433
0.16161
1.0313
0.34627
1.0435
0.088698
0.11397
0.48511
0.058006
0.087555
0.063973
1.0286
0
0.084336
0.15674
0.058977
0.057083
0.053616
0.14925
0.044167
0.088633
1.0313
0.35841
0.082551
0.56396
0.10461
0.26649
0.099315
0.085011
1.1429
0.33837
0.089525
0.59435
0.26396
0.34602
0.12785
0.13217
0.08622
0.075536
0
0.55592
0.084326
0.24651
0.077706
0.049917
0.28728
0.1538
0.067702
0.056496
0.072456
0.098678
0.053232
0.12495
0.28778
0.35215
1.0313
0.10447
1.1667
0.20488
0.53479
0.15362
0.88735
0.23967
0.067524
0.1977
1.0909
0.625
0.29771
0.076201
0.17357
0.051673
0.062843
0.16834
0.29737
0.10914
0
1.0156
0.083643
0.17105
0.082166
0.062175
0.078474
0.088316
0.063878
0.17027
0.062441
0.14766
0.036934
0.88735
0.1873
0.054824
0.16934
0.55076
0.23498
0.10204
0.31365
0.22968
0.047099
0.18982
0.074596
0.47464
0.074147
0.070793
0.069465
0.09065
0.44285
0.070302
0.60417
0.10947
0.26013
0.27455
0.041931
0.25479
0.31363
0.14533
0.23442
0.02995
0.070431
0.1404
0.067493
0.063772
0.074909
0.22826
0.080307
0.29778
0.085849
0.14389
0.078076
0.067475
0.087107
0.066527
0.073969
0.073357
0.21452
0.13227
0.52862
0.39879
0.12387
0.060419
0.065732
0.060981
0.068263
0.14156
0.12276
0.083702
0.085636
0.042225
0.076076
0.052627
0.060808
0.089691
0.0816
1.0435
0.15888
0.12506
0.055452
0.072039
0.13803
0.12547
0.33962
0.29123
0.18292
0.081593
0.08912
0.1834
0.053864
0.11316
0.06587
0.23089
0.14391
0.07793
0.16772
0.39879
0.14571
0.062178
0.0573
0.041258
0.081263
0.10731
0.066482
0.087549
0.23852
0.079201
0.13332
0.069043
0.12856
0.067409
0.080124
0.29887
0.090207
0.075933
0.13397
0.082634
0.30838
0.053411
0.14036
0.062035
0.076544
0
0.098984
0.13545
1.0118
0.043999
0.15239
0.062054
0.16384
0.082592
0.13717
0.30416
0.11906
0.20423
0.072812
0.55234
0.07496
0.073614
0.33385
0.06725
0.08505
0.088391
0.25916
0.048652
0.10679
0.0954
1.0204
0.18831
0.27229
0.090428
0.46643
0.075515
0.065664
0.32959
0.1771
0.065986
0.087736
0.06226
0.050784
0.062112
0
0.10582
0.039507
0.34122
0.057576
0.051906
1.0118
0.05031
0.068343
0.45348
0.19098
0.072225
0.072113
0.061317
0.08283
0.10162
0.089273
0.091729
0.051067
0.38104
0.050371
0.45943
0.079477
0.12398
0.072854
0.083583
0.068753
0.091028
0.22688
0.051252
0.11606
0.18541
0.23155
0.21176
0.078074
1.0909
0.10032
0.48795
0.082777
0.053691
1.0256
0.066871
0
0.081455
0.11358
0.20858
0.4344
0.075295
0.10588
0.19385
0.070957
0.2422
0.17832
0.050551
0.30663
0.084106
0.085411
0.58125
0.1872
0.47464
0.094062
1.3333
0.1456
0.17775
0.10566
0
0.20505
0.061849
0.15842
0.21872
0.10994
0.050103
0.32054
0
0.108
0.16427
0.04741
0.22263
0
0.16173
1.05
0.16919
0.44474
0.2828
0.26343
0.069483
0.060328
0.49259
0.05696
0.075091
0.25903
0.8125
0.090037
0.050485
1.2
0.27781
1.5
0.3052
0.087859
0.59333
0.21703
0.97917
0.098589
0.069946
0.37754
0.12692
0.36987
0.14333
0.55128
0.074824
0.14192
0.074795
0.16639
0.084714
0.25634
0.14982
0.19435
0.22365
0.15776
0
0.092675
0.25504
1.1429
0.23791
0.33173
0.078052
0.21583
0.10953
0.080107
0.078855
0.72768
0.25977
1.0182
0.35858
0.26758
0.22715
0
0.1453
0
0.52539
0.16328
0.087898
0.21806
0
