8.2759e+07
3.9201e+09
6.9709e+08
3.5642e+09
9.0623e+08
3.4333e+09
3.6938e+09
3.9761e+09
3.3496e+09
8.7199e+08
3.4783e+09
2.2016e+09
2.3735e+09
2.5466e+09
2.1039e+09
9.9363e+08
1.9662e+09
9.8592e+08
2.694e+09
3.3049e+08
2.5609e+09
1.838e+09
1.0722e+09
1.2493e+09
2.1706e+09
3.3135e+09
1.8902e+09
1.8554e+09
4.0088e+09
3.3961e+09
6.0443e+08
2.5175e+09
8.9193e+08
1.6576e+09
3.6915e+09
1.4368e+09
2.3162e+09
3.6202e+09
1.5153e+09
2.3378e+08
4.0787e+09
3.3546e+09
5.5813e+08
3.9671e+09
3.2589e+09
3.4973e+09
2.2737e+09
2.5028e+09
1.7888e+09
3.1696e+09
4.2558e+09
4.0136e+09
1.6441e+09
2.9059e+09
1.2551e+09
4.0178e+09
3.3027e+09
2.714e+08
1.4747e+09
3.7472e+09
6.8915e+08
1.2073e+09
5.1123e+08
4.0847e+09
1.649e+09
1.2541e+09
2.384e+09
3.9541e+09
8.2616e+08
5.2722e+08
3.7901e+09
1.4745e+09
1.5081e+09
1.536e+09
4.0023e+08
9.1976e+08
4.1684e+09
1.3185e+09
3.4005e+09
4.0652e+09
2.7461e+09
2.5295e+09
2.2837e+09
1.6411e+08
2.4459e+09
2.7407e+09
2.4621e+08
1.2997e+09
3.6312e+09
1.8659e+09
3.5809e+09
2.9678e+09
3.419e+09
5.5542e+07
3.6702e+09
1.7246e+09
4.2508e+09
4.2671e+09
1.7196e+09
1.7561e+09
2.148e+09
2.1687e+09
2.1613e+09
1.178e+09
3.8881e+09
3.0469e+09
2.659e+09
2.937e+09
3.7752e+09
3.0237e+08
1.2537e+09
2.9348e+09
1.0712e+09
7.8417e+08
2.0799e+09
2.6358e+09
1.3746e+09
2.3124e+09
1.653e+09
6.5665e+08
2.5474e+09
4.101e+09
8.5807e+07
1.1163e+09
3.842e+09
1.4712e+09
1.2076e+09
4.2363e+09
2.4073e+09
3.0593e+09
1.1088e+09
1.4533e+09
4.1754e+09
3.3655e+09
9.3456e+08
5.0816e+08
2.6381e+09
3.0471e+09
6.2085e+08
6.4021e+08
3.1217e+09
3.3772e+09
3.9802e+08
3.4163e+09
3.469e+09
2.9292e+09
4.0211e+08
1.0387e+09
2.7616e+08
2.9822e+09
2.2226e+09
1.1693e+09
1.3634e+09
4.0794e+09
4.1664e+09
1.2791e+09
3.7185e+09
2.6432e+09
5.2052e+07
2.4539e+09
3.8615e+09
7.1346e+06
2.5193e+09
2.1203e+08
1.6886e+09
1.5006e+09
1.6111e+09
1.3099e+09
3.8281e+09
4.2869e+08
1.2181e+09
4.083e+09
4.2328e+09
2.1183e+09
4.0414e+09
1.0266e+09
4.1027e+09
1.0572e+09
4.2683e+09
3.8762e+09
2.1685e+09
2.5516e+09
2.2499e+09
3.918e+09
3.8903e+09
1.8812e+09
2.9756e+09
1.3368e+09
2.826e+09
1.5904e+09
2.2326e+09
1.4984e+09
1.3239e+09
5.9814e+08
3.631e+09
2.5716e+09
1.598e+09
2.0736e+09
4.2494e+09
3.0769e+09
8.134e+08
6.0315e+08
5.9433e+08
1.4823e+09
3.239e+09
1.5618e+09
4.2575e+09
8.4371e+08
1.6812e+09
2.5203e+09
3.4502e+09
6.2876e+08
3.2162e+09
2.7159e+09
2.9164e+09
3.3196e+09
1.5882e+09
1.9123e+09
1.62e+09
1.7523e+08
3.2623e+09
3.4002e+09
3.5199e+09
8.0331e+08
2.7689e+08
2.0587e+09
1.5006e+09
5.8067e+08
2.3235e+09
1.9082e+09
2.4959e+09
1.2272e+09
3.1793e+09
2.0276e+09
3.6568e+09
2.0192e+09
2.8338e+09
6.3774e+08
1.7927e+09
2.3766e+09
1.8608e+08
1.1707e+08
1.7539e+09
2.9309e+09
1.5677e+09
7.5899e+08
2.798e+09
1.2223e+09
3.0841e+09
1.7014e+09
3.3947e+09
4.0321e+09
3.3761e+09
5.007e+08
4.4928e+08
8.0959e+08
1.1847e+09
1.2827e+09
3.8652e+09
1.0296e+09
3.0601e+09
1.4643e+09
9.9086e+08
3.2361e+09
3.9658e+09
1.9494e+09
2.8173e+09
2.5159e+09
1.2225e+09
3.3078e+09
6.537e+07
3.183e+09
9.6345e+08
3.1566e+09
1.2694e+09
2.9764e+09
2.087e+09
3.5662e+09
3.231e+09
3.3605e+09
2.5458e+09
1.9961e+09
1.8667e+09
3.8433e+09
3.1232e+09
5.6841e+08
4.1895e+09
9.656e+08
3.3168e+09
1.6223e+09
1.1003e+09
2.1192e+09
2.9991e+09
3.2842e+09
1.2689e+09
2.6515e+09
3.3996e+09
3.8649e+09
2.7686e+09
2.0403e+09
2.9638e+09
1.0438e+09
4.1873e+09
3.5886e+09
2.1262e+09
9.7733e+08
7.0842e+07
4.1138e+09
2.2222e+09
1.3119e+09
2.4426e+09
3.5033e+09
3.3259e+08
3.302e+09
3.4519e+09
2.1804e+09
4.0688e+09
3.0576e+09
1.2493e+09
3.6099e+09
1.6873e+09
9.7433e+08
2.6145e+09
4.0293e+09
4.7685e+08
3.3689e+09
1.8719e+09
2.1691e+09
3.1467e+09
1.6005e+09
2.5413e+09
3.6906e+09
4.0091e+09
3.4213e+09
3.9576e+08
2.3166e+09
1.6888e+09
1.6672e+09
3.4868e+09
8.2242e+07
2.2401e+09
8.4564e+08
1.4046e+09
3.1287e+09
4.7472e+08
3.7379e+09
4.1212e+09
3.0815e+09
3.025e+09
7.3988e+08
2.4049e+09
4.1781e+08
7.5115e+08
2.792e+08
3.6111e+09
3.0309e+09
3.9371e+08
1.5994e+09
9.5373e+08
3.4526e+09
3.6707e+09
3.2727e+09
2.2627e+09
2.9818e+09
2.531e+09
1.998e+09
2.0966e+09
3.566e+09
1.9265e+09
1.0969e+09
2.9522e+08
2.9788e+09
2.8991e+09
3.6182e+09
5.9556e+08
3.6427e+09
3.1579e+09
3.6072e+09
4.1619e+09
2.1886e+09
2.2467e+09
4.0006e+09
2.0395e+09
3.5986e+09
1.5964e+09
1.6664e+09
2.1837e+09
1.3971e+09
3.4714e+09
7.6407e+08
2.9488e+09
1.2454e+09
4.1738e+09
3.8024e+09
2.1222e+09
3.9401e+09
6.7741e+08
2.1702e+09
2.7604e+09
1.3208e+09
4.2064e+09
3.883e+08
4.1133e+09
1.2061e+09
2.3751e+09
8.8615e+08
3.3008e+09
1.1833e+09
3.142e+09
8.6632e+07
3.8624e+09
3.0644e+09
5.4999e+07
2.6574e+09
3.6786e+09
2.457e+08
2.4345e+09
2.4724e+09
3.7569e+09
2.5192e+09
1.1176e+09
1.7683e+09
8.7487e+08
2.6655e+09
4.2078e+09
2.4426e+09
4.0918e+09
4.1494e+09
2.9728e+09
3.5549e+09
2.4511e+09
1.6239e+09
2.6978e+09
1.5508e+09
3.7032e+09
3.8641e+09
3.8928e+08
3.5822e+09
2.7164e+09
6.3146e+08
2.496e+09
3.0649e+08
4.2907e+09
4.0644e+09
9.6404e+08
7.4236e+08
1.4671e+09
1.3716e+09
3.4897e+09
8.5774e+08
1.361e+09
6.7558e+08
1.4875e+09
3.5322e+09
6.7929e+08
3.6169e+09
3.2954e+09
3.6875e+08
2.8873e+09
8.3796e+08
1.1599e+09
2.029e+09
3.7366e+09
2.6642e+09
1.7594e+09
3.653e+09
2.2988e+09
4.2108e+08
4.0162e+09
4.229e+08
3.851e+09
1.8037e+09
4.2545e+09
2.6932e+09
3.476e+09
1.3147e+09
1.4317e+09
2.7952e+09
4.4576e+08
1.6886e+08
2.9202e+08
5.5528e+08
2.7917e+08
1.7048e+09
3.8246e+09
4.2449e+09
3.7616e+09
2.6666e+09
1.8291e+09
4.1838e+09
3.9311e+09
2.3774e+09
2.1405e+09
1.3383e+09
3.7374e+09
1.13e+09
3.9582e+09
2.4716e+09
1.6246e+09
4.1562e+09
3.7768e+09
2.4024e+08
3.7965e+09
3.2831e+09
5.0222e+08
3.3009e+08
3.0454e+09
2.899e+09
1.2486e+09
3.9533e+08
2.6938e+09
2.951e+09
5.4827e+08
2.6751e+08
2.9344e+09
1.3113e+08
2.332e+09
4.0423e+09
2.5271e+09
3.5423e+09
2.4157e+09
1.7699e+09
4.2933e+08
9.3559e+08
3.7978e+08
3.6613e+09
1.4978e+09
2.1359e+09
4.1317e+09
1.3712e+09
6.7468e+08
1.7488e+09
4.4042e+08
3.3203e+09
2.7519e+09
1.8566e+09
4.0267e+09
4.2758e+09
1.5602e+09
4.6298e+08
2.5796e+09
2.6439e+09
2.9029e+09
3.1816e+09
3.5932e+09
1.0201e+09
1.4635e+09
4.0668e+09
4.0602e+09
4.1754e+09
6.301e+07
3.4075e+09
2.8975e+09
1.2725e+09
3.5966e+09
2.2734e+09
2.8e+09
2.0417e+09
3.2872e+09
3.6426e+09
9.0619e+08
2.3812e+09
3.5897e+09
3.559e+09
1.9328e+09
4.0238e+09
2.7561e+09
2.8044e+09
3.038e+09
2.6147e+09
1.5961e+08
2.5331e+08
2.0724e+08
1.442e+09
2.0586e+09
3.4223e+09
4.1451e+09
3.492e+09
2.9643e+09
4.1788e+09
3.0673e+09
1.5755e+09
2.7454e+09
2.6173e+09
2.52e+09
2.9952e+09
2.5785e+09
4.0501e+09
3.6589e+09
3.1506e+09
3.5778e+09
3.948e+09
1.4717e+08
3.8523e+09
2.9197e+09
1.0064e+09
2.6031e+09
4.224e+09
1.5874e+09
1.4305e+08
3.5346e+09
4.0397e+08
2.2886e+09
3.0044e+09
6.8795e+08
1.6688e+09
3.4925e+09
4.1226e+09
3.7605e+09
7.4228e+08
2.5307e+09
3.5569e+09
7.7383e+08
1.0219e+09
3.3938e+09
3.3089e+09
1.5092e+09
1.576e+09
3.96e+09
3.6654e+09
3.7203e+09
6.1365e+08
3.408e+09
7.0616e+08
514
