1.3826
1.5392
1.2837
3.5933
1.6744
0.043857
0.10062
0.23665
2.3784
1.7349
0.51691
3.7661
2.6298
3.2379
0.1102
0.01622
2.3958
0.84869
3.5634
3.6478
3.5457
1.1987
3.9421
2.7805
0.023692
1.0692
1.5545
0.20711
2.2882
0.43811
2.4611
2.4483
0.6227
0.35469
2.7664
0.15957
0.88909
0.086418
1.0118
1.3639
3.2204
0.067918
3.4361
0.091909
2.7789
0.69914
3.5745
4.2674
1.5397
2.0109
2.5893
3.9436
1.85
1.4878
4.8694
1.0926
0.36805
0.42392
0.081206
2.1417
0.078803
1.7036
0.38804
0.87558
0.021534
0.38568
2.8812
0.80533
0.3414
0.44749
0.60811
2.1857
0.96625
5.1631
3.5452
1.3419
0.24948
0.75493
1.2412
0.27006
2.5812
0.77159
4.4686
2.9138
3.19
2.8381
3.9038
1.7286
3.4054
1.9619
5.9541
0.021534
1.6344
4.1347
1.9214
0.32569
0.50113
2.1822
0.57751
0.93744
4.3608
0.87958
3.4069
0.33973
3.5557
2.5521
3.6355
3.1503
0.14953
2.4694
0.0070486
2.8676
0.49593
0.78447
6.9845
0.12156
0.53301
2.576
0.69556
11.44
2.7809
1.6771
3.5731
2.9914
3.4253
0.89051
3.6431
0.4716
2.968
0.65285
2.3876
2.838
1.5726
2.6134
3.6804
3.724
0.84499
1.5093
1.3397
0.70744
1.09
3.1343
3.0288
6.0489
5.6142
2.4748
1.7981
3.6494
3.5579
7.6652
5.5902
4.0954
3.4365
3.4422
2.9343
0.024545
1.0973
1.1387
3.8403
2.1118
1.7959
1.6952
0.20093
1.0024
1.7625
2.8394
1.4546
1.546
4.2231
2.9736
4.4306
0.39368
0.77229
3.4129
1.4171
0.70744
1.0546
3.8038
3.6934
6.9243
3.3728
2.1649
4.8556
1.6448
0.48362
3.6117
2.4413
2.1542
1.48
5.1143
2.3898
0.8717
3.325
4.7767
0.88046
3.1025
0.24292
5.2049
0.24948
2.2072
2.9494
4.2516
2.8196
1.5545
0.15542
5.1351
2.0039
2.6253
1.0258
2.181
2.3334
0.93347
2.5929
0.57066
5.8583
0.44489
2.5538
4.0671
0.29469
4.8742
5.4526
4.0782
0.91522
5.1129
0.85739
2.1403
0.28973
0.90955
0.36938
3.0488
0.24724
3.3581
2.7844
1.6691
0.95572
2.4515
0.14522
1.3707
2.9682
4.6056
3.0907
1.1716
6.934
0.36373
3.8069
5.5123
0.15115
4.1862
3.335
0.39245
2.2836
4.9046
3.582
5.5545
4.5428
2.1527
3.5165
4.0646
4.628
0.3368
4.3346
0.10377
5.109
0.95573
3.6257
3.9463
4.9962
4.194
0.64695
4.7619
1.648
1.5159
0.26034
0.9265
3.7912
0.12873
2.2223
0.015037
0.67355
2.8803
4.4775
0.056069
4.1387
5.7749
1.443
1.1316
0.60961
2.4619
1.8773
0.91095
5.7848
0.39645
2.9815
4.4718
1.0445
2.3968
3.2409
0.038774
0.65243
0.026913
0.46757
2.0437
0.46146
0.91168
1.2379
1.4465
0
0.71698
3.5482
2.028
0
0.72889
2.7912
4.6707
1.7311
3.1808
1.8121
3.8818
0.5979
1.9391
0
1.6785
0.49439
0.94646
1.9833
2.582
3.4451
0.012799
4.3376
3.8619
1.0957
0.043391
2.1837
4.3154
0.18157
0.22744
0.036323
0.77554
3.1771
0.14715
1.571
0.34898
3.3833
2.9235
0.29836
2.7352
0.45255
1.8861
0.69852
2.5393
0.0016708
2.284
2.2246
2.1029
2.6238
1.2767
2.7332
0.6528
1.0598
1.8755
4.3007
0.14086
0.32798
1.6585
0.58788
3.5369
0
0.021769
0.70262
1.2615
2.2456
2.5341
0.59465
0.3916
0.012359
0.33026
0.45532
0.26332
2.3368
0.074013
0
1.8599
1.5297
0.38975
