1.7126e+09
3.4056e+09
7.4258e+08
6.2657e+08
1.5889e+09
1.5628e+09
1.5184e+09
5.0203e+08
1.3563e+09
1.7983e+09
2.5548e+09
4.1648e+09
3.9046e+09
1.0103e+09
1.5871e+09
2.4881e+09
3.9801e+09
1.0253e+09
4.2608e+09
3.948e+09
1.494e+09
3.193e+09
4.0874e+09
8.6041e+08
9.3596e+08
4.1092e+09
5.569e+08
2.2969e+09
2.7097e+09
3.8656e+09
2.6897e+09
3.0316e+09
1.6156e+09
1.1394e+09
2.425e+09
4.2431e+09
9.1285e+08
9.9379e+08
1.3794e+09
3.7953e+09
4.8126e+08
1.6632e+09
3.5559e+09
2.4966e+09
3.8377e+09
3.3665e+09
3.3154e+09
3.0109e+09
4.2894e+09
2.5131e+09
3.7738e+09
2.947e+08
4.2352e+09
3.4251e+09
1.1092e+09
3.6812e+09
6.9479e+07
3.8524e+09
4.0932e+09
1.935e+09
1.9267e+09
2.6732e+09
1.857e+09
2.8261e+09
1.4568e+09
4.0746e+09
3.8295e+09
3.8396e+09
3.2939e+09
2.9294e+09
2.8751e+09
3.1853e+09
3.7219e+09
1.7374e+09
1.8738e+09
1.4525e+09
2.6632e+08
3.5745e+08
2.4978e+09
2.3944e+09
4.4978e+08
6.8843e+08
5.8715e+08
1.8357e+08
1.1991e+09
2.576e+09
1.3882e+09
2.3327e+09
2.3878e+09
1.3038e+09
4.6817e+08
1.3854e+09
2.9391e+08
2.5685e+09
2.6179e+09
2.5682e+09
2.5266e+09
2.6006e+09
9.5331e+08
4.5043e+08
8.5252e+08
3.9438e+09
1.8754e+09
2.7671e+09
3.5114e+09
3.9844e+09
3.6177e+09
3.9486e+09
5.4015e+08
2.9065e+09
1.6358e+09
1.4676e+09
3.5147e+09
3.8522e+09
1.2299e+09
2.4365e+09
2.6214e+09
1.0353e+08
2.1684e+09
2.3246e+09
2.2777e+09
3.9532e+09
1.7243e+09
1.4579e+08
4.7649e+08
4.2243e+09
2.683e+09
3.4619e+09
1.9202e+09
1.8269e+09
1.199e+08
7.4099e+08
3.1255e+09
3.0965e+09
1.7728e+09
4.1166e+09
2.4195e+09
2.9065e+09
8.4402e+08
2.8466e+09
1.711e+09
1.1093e+09
2.9416e+09
3.8528e+09
1.9519e+09
1.2666e+09
4.1087e+09
3.1342e+09
1.5032e+09
8.7947e+08
3.1402e+09
1.2122e+09
1.7585e+09
2.0874e+09
2.78e+09
2.3903e+09
2.5565e+09
3.2569e+09
5.3669e+08
3.9145e+09
4.1505e+09
1.8395e+09
1.8129e+09
3.0771e+09
1.549e+09
1.7529e+09
4.6609e+08
3.9315e+08
2.0628e+08
7.719e+08
3.0854e+09
9.1926e+08
1.3374e+09
8.5281e+08
1.5221e+08
1.8696e+09
5.149e+08
2.6714e+09
1.8644e+09
3.7375e+09
3.5263e+09
3.2445e+08
2.6552e+09
3.6144e+09
1.3414e+09
5.8324e+08
2.437e+09
3.6158e+09
4.1324e+09
2.0347e+09
2.0358e+09
3.5779e+09
2.4723e+09
1.6645e+08
1.8229e+09
1.595e+09
4.1985e+09
3.2781e+09
6.9073e+08
1.8704e+09
6.6753e+08
4.1533e+09
3.604e+09
1.2458e+09
9.6924e+08
7.3946e+08
3.1527e+09
1.6411e+09
1.2252e+09
2.319e+09
1.3093e+09
3.1645e+09
1.1447e+09
3.3584e+09
2.721e+09
8.1963e+08
1.5007e+09
4.2451e+09
2.8428e+09
1.1411e+09
2.0807e+09
3.7698e+09
2.5181e+09
3.3511e+09
1.2752e+09
1.4732e+09
1.8384e+09
1.0417e+08
1.2043e+08
8.4881e+08
3.8506e+08
2.1335e+08
2.7075e+08
8.9355e+08
3.9973e+09
1.4984e+09
3.6934e+09
3.7724e+09
2.3953e+09
1.2949e+09
5.3124e+08
1.3179e+09
4.0167e+09
7.9728e+08
2.7313e+09
2.7714e+09
4.697e+08
2.6398e+09
3.0902e+09
2.2354e+09
1.2512e+09
1.4759e+09
3.745e+09
3.8248e+08
8.0023e+08
1.3273e+09
1.0387e+09
5.5837e+08
3.1776e+09
2.2646e+09
2.8479e+09
2.3924e+09
2.9834e+09
4.0433e+09
2.5376e+09
2.3687e+08
1.7745e+09
2.1205e+07
2.4969e+09
2.3808e+09
1.2815e+09
2.724e+09
3.9201e+08
1.3246e+09
3.6848e+09
3.0611e+09
2.6077e+09
4.0302e+08
1.2637e+09
3.4307e+09
8.703e+08
1.5442e+09
1.8798e+09
1.6878e+09
2.9294e+09
2.9601e+09
2.1317e+09
1.2592e+09
7.2557e+08
6.3376e+08
2.2948e+09
1.4656e+09
3.2721e+08
2.5213e+08
3.7761e+09
1.0866e+09
1.5923e+09
3.4784e+09
2.4286e+09
1.032e+08
2.376e+09
4.105e+08
2.0577e+09
7.6586e+08
6.8438e+08
1.2572e+09
5.089e+08
3.4801e+09
1.4821e+08
2.3102e+08
4.1479e+09
1.4435e+09
3.7146e+09
2.4912e+08
6.7672e+08
4.0802e+09
5.6095e+08
5.7815e+07
5.6666e+08
1.567e+09
1.7403e+09
4.0003e+09
9.1099e+08
1.3526e+09
9.4365e+08
2.1094e+09
4.136e+08
2.3164e+09
2.3466e+09
1.4003e+09
2.7701e+09
4.5147e+08
1.6655e+09
3.8301e+09
2.6359e+09
9.2867e+08
4.2414e+09
2.3039e+09
2.1058e+09
1.9208e+09
1.2489e+09
3.6009e+09
1.34e+09
2.6501e+09
1.7705e+09
1.9673e+09
1.9783e+09
9.7498e+08
1.888e+09
3.5342e+09
7.6821e+08
2.8862e+08
2.9247e+09
3.5663e+09
1.5228e+09
3.5742e+09
1.5064e+09
3.6521e+09
1.9315e+09
2.3095e+09
3.796e+09
1.7419e+09
2.8645e+09
3.783e+09
2.4626e+08
3.7421e+09
2.1124e+09
3.7077e+09
4.4435e+08
2.5085e+09
8.484e+08
1.4973e+09
6.8994e+07
4.1347e+09
2.597e+09
4.176e+09
2.1856e+09
2.2272e+09
3.5063e+08
3.8485e+09
1.4297e+09
3.2467e+09
1.1133e+09
4.0264e+09
2.2802e+09
7.9042e+08
1.1555e+09
2.504e+09
2.9397e+09
3.7164e+09
2.0582e+09
2.1546e+09
2.6139e+09
7.4256e+08
3.2959e+09
3.5548e+09
3.1958e+09
9.8137e+08
2.4931e+09
4.2917e+09
1.491e+09
4.0725e+09
3.9991e+09
1.6521e+09
1.7396e+09
4.1626e+09
8.8803e+08
6.2361e+08
1.7268e+09
5.8151e+08
4.9179e+08
9.998e+08
9.8714e+08
1.8189e+09
4.273e+09
2.2994e+09
2.0374e+09
1.5895e+08
1.3712e+09
1.7972e+09
1.2662e+09
1.1258e+09
9.2011e+07
2.467e+09
3.1135e+09
3.824e+09
9.8776e+08
4.2131e+09
6.3185e+08
3.5161e+09
3.8279e+09
1.823e+08
1.8955e+09
3.8317e+09
1.0459e+09
6.101e+08
9.5158e+08
1.9932e+09
3.0088e+09
2.8629e+09
1.7773e+09
3.97e+09
3.3763e+09
3.9586e+08
3.7662e+09
2.4855e+08
1.7557e+09
9.7368e+08
7.1983e+08
2.2241e+09
4.2878e+09
2.4682e+09
7.377e+08
2.4728e+09
1.9596e+09
2.7828e+09
2.9596e+09
7.9508e+08
2.7574e+09
2.1283e+09
1.2899e+08
5.0508e+08
3.0208e+09
1.8155e+09
2.0865e+09
1.4785e+09
1.7332e+09
2.2191e+09
3.4482e+09
3.6245e+09
3.4222e+09
3.5146e+09
4.8371e+08
3.8917e+09
3.0168e+09
2.5175e+09
2.1474e+09
2.7866e+09
4.6224e+08
2.9622e+09
3.1493e+09
2.414e+09
1.0914e+09
2.992e+09
2.1693e+09
2.318e+09
2.1198e+09
2.9843e+08
1.8899e+08
3.0045e+09
1.8876e+09
6.3221e+08
2.7278e+09
2.8715e+09
8.3484e+08
3.2391e+09
6.4091e+08
2.1708e+09
4.2015e+09
1.9255e+09
7.1458e+08
8.781e+08
3.4196e+09
3.8938e+09
2.887e+09
3.0103e+09
3.4009e+09
3.4128e+09
6.0778e+08
7.9586e+08
2.4433e+09
1.7439e+08
2.7573e+09
1.8621e+09
3.836e+09
4.5961e+08
2.503e+09
3.4232e+09
6.5524e+07
3.7157e+09
2.5296e+09
4.1916e+09
3.858e+09
1.7105e+09
3.3167e+09
3.6568e+09
1.6758e+09
4.16e+09
2.3073e+09
4.1964e+09
4.2768e+08
1.1931e+09
1.149e+09
3.7964e+08
1.2601e+09
7.0568e+08
1.0955e+09
6.8516e+08
3.7997e+09
2.9073e+09
4.5222e+07
3.6223e+09
1.2295e+08
2.2717e+09
2.1548e+09
9.0823e+08
1.2043e+08
1.4678e+09
3.3889e+09
9.1961e+08
2.5335e+09
3.0821e+09
2.7677e+09
1.5104e+09
8.653e+08
3.1623e+09
2.749e+09
4.2683e+09
2.4161e+09
1.6595e+09
3.1212e+09
9.504e+08
4.1589e+09
9.4835e+08
3.5939e+09
1.4219e+09
1.0675e+09
4.1394e+09
3.0115e+09
2.3663e+09
4.2514e+09
1.683e+09
3.3832e+09
7.8795e+08
1.0693e+09
9.2207e+08
2.8764e+09
4.1736e+09
2.9991e+09
2.368e+09
2.6323e+09
1.8673e+09
2.7025e+08
6.9988e+08
1.8015e+09
1.6422e+09
1.3333e+09
2.05e+09
1.0026e+09
3.153e+09
2.871e+09
1.6045e+09
1.8709e+08
2.2354e+09
1.278e+09
3.745e+09
1.139e+09
6.8676e+08
2.1912e+09
8.0996e+08
3.5099e+09
2.6202e+09
3.2113e+09
4.2763e+09
9.7127e+08
5.5008e+08
1.1006e+08
4.162e+09
1.8422e+09
3.9272e+09
2.9442e+08
1.7199e+09
3.4984e+09
2.701e+09
2.4508e+09
3.0701e+09
4.2024e+09
1.3852e+09
2.0656e+09
7.0871e+08
2.3973e+09
2.5965e+09
3.3347e+09
3.4471e+09
264
