232
226
211
262
266
382
191
381
325
331
382
225
217
211
378
383
331
382
230
236
218
374
223
337
383
377
259
381
233
266
221
212
381
382
331
376
382
382
377
227
217
383
217
273
340
371
234
245
379
220
274
236
218
229
289
260
374
382
379
380
381
377
244
209
226
212
208
381
379
382
380
271
227
222
217
235
382
382
339
221
220
374
223
272
333
223
223
256
252
373
219
382
382
264
264
382
248
244
370
374
235
270
203
379
208
219
207
347
382
272
383
219
380
375
234
373
265
225
218
278
216
237
335
265
217
370
233
381
338
381
211
217
222
267
338
226
229
252
382
379
340
279
229
273
249
257
229
223
218
268
282
266
275
257
233
381
218
335
209
244
221
329
382
382
225
205
209
366
280
219
229
378
273
232
213
379
382
277
261
287
209
221
324
277
280
266
235
220
344
222
220
382
257
234
275
336
197
215
382
223
235
273
231
286
383
255
216
240
271
337
218
382
223
237
276
379
213
208
238
336
269
265
379
270
222
251
382
270
254
209
382
218
273
382
230
226
383
213
238
230
233
201
222
382
210
215
383
243
286
376
371
216
215
218
288
279
225
260
225
256
213
383
266
238
336
224
217
258
221
230
285
219
382
382
248
382
230
383
381
231
253
253
269
236
241
378
382
286
335
237
265
225
381
259
376
339
334
381
269
383
382
274
382
214
365
214
383
274
208
208
383
376
276
271
378
214
254
229
215
225
383
277
380
377
381
253
247
379
266
337
379
382
223
214
382
217
382
380
217
373
373
382
279
293
377
280
374
217
382
261
383
376
221
253
259
378
376
377
292
370
219
245
382
382
375
220
383
383
274
205
212
267
232
252
268
381
226
208
244
330
383
371
213
228
209
263
215
229
224
378
380
382
342
217
276
257
229
278
251
383
225
382
231
237
260
372
273
336
383
214
211
382
229
371
339
339
381
379
215
382
377
275
370
222
238
383
338
234
335
369
335
230
380
228
225
276
262
260
211
264
375
381
383
215
382
377
281
208
273
382
330
200
380
382
375
226
206
300
248
241
382
375
333
221
207
381
231
230
221
343
365
260
268
221
227
382
374
259
225
274
287
220
381
375
276
259
231
378
338
237
233
329
382
238
382
282
373
380
218
381
228
379
373
213
263
229
226
218
235
377
183
373
332
372
212
213
231
252
229
338
227
213
381
382
229
225
224
259
217
242
229
234
217
262
216
216
222
233
334
382
235
234
260
209
269
330
239
382
379
219
219
283
262
224
225
380
226
225
219
380
245
262
229
229
225
231
334
257
372
221
222
246
223
262
286
379
239
214
229
343
221
223
382
262
261
237
268
214
232
221
262
213
217
336
262
376
260
222
270
382
246
210
380
219
232
280
381
227
271
273
263
382
382
279
377
235
228
378
214
287
383
210
235
271
279
265
262
382
242
269
383
267
222
381
369
210
338
241
260
216
221
237
286
274
227
219
214
211
322
209
216
269
377
282
280
374
383
377
338
382
335
383
381
221
278
383
267
220
217
381
382
281
237
208
215
258
375
235
370
344
209
383
367
383
378
220
382
245
234
338
383
238
234
266
383
376
271
223
382
270
285
260
273
232
383
382
378
368
379
221
225
383
272
336
380
382
234
265
382
273
382
382
230
374
377
380
275
234
373
213
373
290
378
221
383
379
281
379
253
366
376
381
285
368
259
371
382
379
380
334
383
383
381
339
215
267
382
379
383
271
382
292
201
383
383
264
268
266
259
217
232
201
278
378
263
233
340
204
382
267
333
215
207
383
335
381
231
281
265
214
222
336
383
382
270
375
330
378
340
338
382
380
334
374
381
225
373
216
231
383
347
378
324
380
224
228
210
215
211
232
224
269
236
232
371
281
374
382
382
321
210
217
383
374
223
336
378
382
381
225
243
224
271
227
382
380
214
260
337
272
352
273
215
340
269
368
237
270
237
383
382
257
371
382
267
339
382
381
258
276
346
377
341
229
223
229
273
259
383
263
381
375
248
379
229
280
377
210
241
217
247
270
329
377
338
379
221
381
212
274
228
268
340
204
276
274
382
381
270
218
213
267
278
259
225
277
276
249
269
245
220
238
214
383
227
338
226
248
224
333
382
379
378
327
262
210
270
224
339
269
224
214
338
377
382
276
211
204
205
223
231
382
382
271
245
220
221
344
228
373
216
214
206
318
295
200
382
214
272
216
226
268
383
272
245
264
281
262
278
380
220
274
216
380
270
230
218
241
223
230
375
292
214
268
286
265
227
213
379
277
225
378
252
299
383
247
270
259
252
202
269
382
216
282
383
215
281
379
382
261
241
228
219
273
220
276
222
205
274
222
211
211
334
277
283
220
372
230
286
207
383
382
335
382
319
383
376
332
268
213
224
381
337
382
381
238
338
216
242
218
376
214
379
223
332
383
364
383
381
274
382
275
219
229
383
212
273
222
383
379
219
279
381
219
229
220
210
370
383
221
381
382
377
215
223
378
271
252
382
261
216
266
382
271
383
367
276
381
366
381
227
259
376
218
380
256
380
268
383
376
214
380
215
380
258
382
269
373
287
379
371
381
375
339
383
383
221
213
274
215
270
263
383
221
203
241
370
383
383
268
209
382
207
222
336
268
227
382
376
377
225
224
382
252
337
216
270
383
340
202
217
224
275
382
271
340
383
379
227
371
210
374
232
241
381
274
233
220
379
383
379
199
214
383
202
383
324
378
338
226
375
225
280
271
231
245
214
212
382
379
375
378
382
380
266
222
272
382
332
380
368
382
382
213
226
270
216
211
382
382
332
256
338
380
261
235
223
336
217
268
222
224
225
221
376
228
271
382
248
337
382
367
255
219
345
378
231
213
335
202
267
218
383
257
381
376
275
375
278
379
381
231
285
338
338
276
222
379
335
378
338
376
210
265
231
271
338
330
364
233
382
259
208
239
223
285
266
224
338
256
281
284
234
245
288
234
208
377
229
339
220
210
215
335
214
382
372
334
213
228
230
220
242
382
381
229
207
378
382
242
267
280
333
218
231
237
376
267
271
214
203
288
267
382
233
217
234
224
234
288
382
263
282
234
227
279
383
221
217
235
307
205
220
374
214
276
223
381
231
228
225
339
252
278
378
263
274
231
207
248
215
283
215
218
227
381
197
216
383
283
241
275
202
225
218
238
234
283
383
237
219
372
211
271
212
213
282
265
223
200
233
382
256
383
262
235
332
227
220
222
263
261
230
212
281
376
230
382
344
383
379
235
266
270
242
235
214
380
197
282
221
228
256
215
370
261
379
216
229
383
367
383
379
232
240
213
257
336
383
218
275
205
383
372
268
269
379
222
215
282
282
209
383
264
379
381
382
282
275
382
215
217
382
380
244
263
382
290
382
202
254
382
376
382
274
219
382
381
272
260
381
268
383
382
281
378
266
381
376
214
274
377
210
377
381
381
376
332
383
383
282
227
213
265
382
217
210
191
375
279
366
219
383
216
253
379
224
259
219
261
214
383
373
369
214
241
259
223
237
264
221
383
251
382
265
226
259
377
279
232
383
374
299
371
226
379
237
330
380
382
339
373
380
374
226
211
230
383
210
378
340
375
228
236
370
206
234
245
271
235
272
281
382
379
379
382
383
372
227
331
382
377
213
363
382
382
377
199
382
214
189
265
382
377
336
266
229
257
269
287
212
333
367
254
219
228
208
268
377
235
217
382
259
226
378
236
226
258
254
377
339
273
209
214
382
208
383
229
381
377
254
376
216
255
369
225
191
231
335
280
335
198
335
283
233
372
221
286
268
295
202
217
275
279
381
380
215
274
224
231
216
229
225
241
206
273
227
291
272
225
341
383
273
328
218
236
237
213
208
370
370
225
223
371
223
268
229
381
252
221
335
380
382
260
244
214
231
221
195
203
262
283
289
274
338
231
210
378
223
248
218
202
211
275
382
371
291
290
270
277
383
270
274
229
226
330
277
382
244
382
225
380
222
335
382
207
228
222
373
289
253
224
280
272
381
274
378
220
223
382
221
268
383
229
275
261
214
222
222
382
207
274
383
303
220
382
380
208
339
203
281
272
214
210
215
382
214
383
231
264
325
232
260
213
380
229
217
366
383
374
231
382
329
383
376
207
271
217
217
258
236
379
382
261
341
332
233
236
374
232
381
221
217
382
363
383
380
261
382
256
268
331
383
382
255
330
383
372
223
214
379
232
243
233
291
253
383
218
377
376
381
227
235
382
263
220
381
383
214
241
382
272
383
382
218
382
381
382
264
287
382
288
375
250
378
260
383
379
276
382
278
320
377
379
206
372
233
266
382
381
377
339
383
383
230
340
238
254
381
378
383
269
206
277
371
327
383
364
270
224
215
218
219
270
266
383
378
382
340
339
382
278
339
297
239
383
225
381
226
278
230
382
283
341
383
376
275
380
333
382
210
332
373
274
342
382
368
383
382
330
231
383
350
248
335
376
232
272
364
219
270
235
287
208
240
261
330
372
382
260
382
322
276
236
382
371
340
322
382
210
379
267
223
264
220
220
382
381
332
213
222
375
250
213
237
214
225
366
280
224
232
240
376
277
258
225
261
333
382
377
222
260
339
380
338
220
336
335
220
254
383
273
378
368
218
286
210
214
378
194
220
336
339
275
228
381
232
375
338
382
224
226
243
264
209
336
264
287
380
378
234
215
271
214
228
240
332
254
235
238
226
221
227
215
225
263
227
332
245
217
227
218
277
377
211
232
283
271
236
278
225
237
232
218
341
379
222
283
207
236
335
228
220
379
381
242
266
232
216
266
287
382
225
277
239
227
375
218
382
277
265
214
227
227
383
242
214
268
208
336
255
382
224
383
229
376
212
228
230
330
212
211
369
207
200
265
219
279
268
219
275
272
243
381
259
270
383
240
217
268
203
217
215
382
281
243
383
284
230
377
372
280
220
214
281
255
215
218
273
382
268
236
287
223
341
260
269
266
381
226
216
209
382
373
234
382
210
383
382
333
234
278
197
270
333
377
382
245
339
239
221
272
371
219
380
229
226
210
260
383
379
381
382
221
341
331
383
227
212
204
383
380
193
228
379
261
270
211
222
205
383
325
382
381
382
265
278
383
219
232
373
383
258
296
382
382
382
382
210
382
375
380
240
220
378
284
375
249
368
243
383
377
216
370
273
374
380
378
214
382
290
217
382
381
382
328
383
383
227
188
287
268
382
373
218
209
377
218
202
381
383
368
260
379
283
212
236
225
225
383
379
381
337
216
382
268
218
218
383
383
330
382
236
222
276
380
225
229
383
378
218
377
338
378
328
332
382
209
195
381
371
373
378
214
239
383
216
380
336
369
235
211
380
202
260
264
277
230
267
223
379
382
382
375
380
379
222
229
383
379
326
215
380
371
376
283
382
273
264
213
382
377
328
286
212
374
257
224
341
231
219
277
233
270
338
382
378
225
261
265
223
225
266
379
226
213
219
376
214
228
210
330
273
234
383
224
379
381
243
270
268
213
378
285
253
337
216
277
244
370
329
273
338
266
251
203
236
234
214
330
217
381
381
381
212
241
225
304
217
277
228
283
283
279
258
253
211
219
219
284
275
332
271
217
270
339
382
380
377
338
215
218
208
259
338
379
243
335
335
376
224
233
224
216
232
215
254
382
381
240
231
214
234
281
292
382
244
282
274
236
381
221
382
253
282
208
263
225
383
229
220
270
227
218
371
381
214
247
280
380
217
336
271
216
281
267
375
264
215
212
260
216
265
270
382
235
243
379
382
264
383
275
220
266
280
268
213
382
219
235
383
231
235
373
372
267
335
338
286
371
213
240
233
382
228
383
212
234
207
215
223
217
376
208
207
225
254
376
331
382
237
383
379
219
268
272
283
282
340
375
381
266
222
335
221
235
374
235
375
224
211
380
200
383
379
225
382
204
268
337
383
231
216
214
383
371
265
229
381
271
241
261
239
215
383
225
379
381
377
260
266
383
244
217
379
380
227
265
382
258
382
376
367
376
375
381
223
282
215
219
382
267
382
266
383
266
272
381
268
373
377
255
204
381
261
375
382
382
221
206
383
383
377
220
274
232
382
265
383
222
378
211
218
222
383
372
218
379
272
236
234
217
225
383
372
250
237
215
382
216
217
222
207
383
343
382
205
272
277
234
248
217
383
378
208
369
228
376
337
331
380
247
215
382
380
383
372
230
212
383
237
373
235
374
327
243
380
224
273
217
260
281
215
227
335
374
378
382
382
379
234
335
382
248
335
371
382
381
373
232
205
272
229
227
382
382
325
218
337
377
238
222
338
241
260
205
224
210
229
382
380
214
229
262
215
346
366
203
272
382
207
379
337
283
217
323
262
212
383
218
260
376
237
220
291
207
376
283
277
222
326
264
224
332
227
372
233
211
204
234
254
191
336
343
365
225
382
376
336
236
212
223
286
269
207
268
292
281
278
224
224
261
229
383
381
333
266
262
222
232
225
382
237
341
228
366
237
265
226
210
201
234
347
380
282
220
245
267
339
335
230
234
226
236
226
211
249
281
246
381
210
265
214
226
202
222
382
213
270
221
378
268
210
228
239
201
218
339
213
369
225
243
212
380
235
337
379
216
264
290
365
229
272
217
270
211
380
211
211
224
268
378
273
263
383
228
276
205
281
208
283
382
273
222
211
224
217
381
363
273
330
223
264
197
205
218
218
382
266
383
265
265
213
274
271
233
201
218
214
267
383
372
238
382
343
383
381
224
216
244
247
281
335
369
382
264
216
334
281
220
377
257
371
334
335
383
246
383
382
223
382
238
275
338
383
208
265
368
383
370
278
271
381
239
215
278
232
369
383
228
377
380
378
200
236
381
234
335
382
382
231
215
382
222
382
382
232
379
199
381
240
213
375
273
377
370
379
243
383
371
210
371
217
378
324
377
381
381
280
379
382
378
382
224
383
383
224
221
226
216
275
380
194
255
376
231
283
383
383
261
240
379
261
273
337
237
204
383
381
382
341
337
381
214
344
206
383
383
221
382
239
268
275
376
230
214
383
382
256
375
337
382
337
220
382
381
234
379
382
383
194
336
232
383
332
378
336
382
340
212
382
364
227
272
209
274
266
254
324
381
380
381
382
382
231
332
242
378
226
371
382
382
379
268
259
266
269
379
382
375
334
278
212
221
210
281
339
224
228
214
225
217
223
382
381
214
210
382
209
223
380
376
272
264
229
378
339
206
339
340
382
275
383
223
373
378
210
211
243
229
331
213
210
231
341
212
227
382
332
381
223
378
231
216
382
273
328
324
265
224
381
376
218
212
246
283
245
270
225
296
381
281
249
214
271
237
196
263
224
216
216
223
233
237
241
381
377
336
211
260
226
221
332
382
216
203
229
379
235
208
220
223
338
336
331
211
379
276
271
235
338
214
227
377
272
264
231
216
280
216
382
210
233
216
232
275
383
210
254
239
219
340
220
381
259
227
213
380
232
336
276
221
224
225
372
229
267
263
224
205
379
245
220
268
217
381
282
231
383
264
232
263
245
211
269
382
382
289
383
217
269
378
233
284
338
224
276
287
267
215
277
217
228
383
231
223
222
259
229
273
379
265
208
222
383
378
334
382
226
383
379
334
223
252
209
256
229
371
275
268
334
212
351
222
379
238
368
216
339
382
279
383
222
233
382
265
228
341
383
264
229
281
383
369
230
207
382
231
214
214
226
225
383
283
381
378
382
224
279
382
283
340
382
382
269
247
382
258
382
382
226
378
377
380
271
220
382
210
382
278
366
270
383
371
202
380
226
379
377
263
260
382
262
197
381
381
379
340
383
383
223
242
240
255
381
377
383
240
376
255
268
382
383
270
281
381
260
214
218
238
365
382
380
382
337
340
215
223
334
281
383
383
333
382
281
275
214
378
235
216
383
379
224
380
231
376
333
222
373
381
324
378
374
373
375
335
338
383
218
250
244
377
224
275
378
267
217
218
232
267
223
222
223
267
216
205
382
380
235
233
382
262
332
219
382
382
380
199
268
270
267
213
382
382
338
205
235
372
223
223
324
334
220
229
216
228
231
382
378
263
272
382
284
343
377
374
278
205
221
380
335
257
316
228
207
267
383
215
382
368
261
210
219
275
327
264
222
219
209
253
344
381
339
381
340
378
283
210
231
234
340
217
197
226
382
379
335
228
233
235
274
230
337
268
221
249
229
252
221
270
342
380
332
350
241
194
209
207
207
381
366
221
220
368
276
280
334
380
230
337
336
378
382
234
228
266
346
221
340
262
381
268
208
257
245
217
276
373
245
232
214
228
219
271
382
256
251
222
225
222
383
227
215
208
212
244
220
382
225
261
238
382
278
213
381
343
261
282
371
251
222
288
265
380
380
275
380
211
277
378
266
229
383
277
215
285
230
278
283
382
229
234
383
207
264
274
378
286
336
342
223
367
229
263
211
216
208
383
208
286
213
266
288
213
381
226
268
226
382
368
241
382
213
383
378
339
272
208
241
220
337
380
229
216
330
217
265
229
381
208
382
239
217
383
366
383
378
257
382
224
222
225
383
276
244
255
383
373
217
221
379
235
283
287
280
213
383
221
381
381
382
232
280
222
223
330
382
380
277
278
382
261
383
236
241
382
373
382
277
280
380
215
382
259
381
274
383
374
244
376
239
366
380
377
249
334
346
233
382
380
374
229
383
383
223
346
223
247
382
374
222
257
252
211
219
330
383
370
203
283
