2.0937e+08
1.6552e+09
3.2701e+09
2.5503e+08
2.8742e+09
3.0505e+09
2.5555e+08
9.2892e+08
5.1993e+08
3.9113e+09
2.6081e+09
1.76e+09
3.8847e+09
3.1382e+08
2.3404e+09
2.0355e+09
2.8603e+09
4.1199e+08
3.6256e+09
3.3507e+09
6.3555e+08
4.042e+07
2.5187e+09
3.8851e+09
1.1335e+09
9.6144e+08
1.1822e+09
3.2609e+08
2.198e+09
4.7283e+08
1.4817e+09
2.9489e+09
4.0399e+09
9.4341e+08
2.707e+09
6.683e+08
2.9652e+09
2.7925e+09
1.4619e+09
1.2907e+09
3.719e+08
2.7575e+09
9.0199e+08
1.7241e+09
1.5184e+09
1.3007e+09
3.4194e+09
4.2872e+09
1.4379e+09
1.1538e+09
1.7795e+09
1.3355e+09
2.6322e+09
6.2268e+08
3.8408e+09
2.4165e+08
4.2115e+09
1.187e+09
3.4755e+09
2.3517e+09
2.5391e+09
3.1937e+09
1.3093e+09
3.1182e+09
2.9128e+09
1.4763e+09
3.371e+09
5.278e+07
6.0627e+08
1.5599e+09
2.4808e+09
3.187e+09
1.8868e+08
8.4269e+08
2.0722e+09
3.1135e+09
2.5391e+08
3.8114e+09
3.6193e+09
2.3455e+09
3.4026e+09
3.3678e+09
4.283e+09
7.872e+08
4.0566e+09
2.9364e+09
2.625e+09
8.4604e+07
4.2348e+09
6.1637e+08
3.6462e+09
2.9298e+09
7.644e+08
3.4142e+09
6.3723e+08
4.2566e+09
1.5826e+09
4.0827e+09
9.4134e+06
8.1769e+08
4.1058e+09
2.2149e+09
1.9532e+09
6.4801e+08
2.3436e+09
1.1566e+09
2.3218e+09
9.6899e+08
4.0149e+09
3.5434e+09
3.9866e+09
1.6964e+09
1.7474e+08
8.8711e+08
2.1196e+09
1.0962e+09
3.4134e+09
1.4589e+09
1.6468e+09
3.2479e+09
2.9666e+09
4.9342e+08
1.5592e+09
2.5167e+09
2.4928e+09
1.2672e+09
3.1108e+08
3.7913e+09
3.623e+08
3.08e+09
5.348e+08
1.9491e+09
2.2322e+09
5.0574e+08
1.0632e+09
1.5205e+09
2.8212e+09
1.2822e+09
1.059e+09
1.3489e+09
4.4645e+08
2.6906e+09
2.03e+09
3.347e+08
1.5044e+09
2.4751e+08
1.9892e+09
3.9437e+09
3.9334e+09
9.2979e+07
1.1681e+09
7.7957e+08
2.4345e+09
6.2461e+08
3.6273e+09
2.6986e+09
2.1217e+09
3.6995e+09
4.1187e+08
3.3347e+09
1.1133e+09
3.6182e+09
3.3756e+09
3.4512e+09
3.9253e+09
4.0208e+09
4.9979e+08
1.9982e+09
1.2303e+09
2.2864e+09
9.3054e+08
4.1714e+09
2.1355e+09
3.8061e+09
1.9735e+09
1.9173e+09
1.9917e+09
3.6139e+09
1.0028e+09
1.1797e+09
2.9871e+09
3.1116e+09
3.0052e+09
1.0355e+09
5.8123e+08
1.7335e+08
5.6964e+08
2.6106e+09
1.6873e+09
3.0442e+09
7.9732e+08
8.8336e+08
3.5246e+09
2.8729e+09
1.8458e+09
1.1e+09
2.5293e+09
5.1311e+08
1.7052e+09
3.0627e+09
4.2147e+09
3.0258e+08
3.8346e+09
2.8226e+09
3.2981e+09
1.4953e+09
4.032e+09
1.2134e+09
2.733e+09
1.8639e+09
1.3536e+09
1.6591e+09
3.1472e+09
4.29e+09
3.5518e+09
9.9573e+08
3.4687e+07
3.2318e+09
2.0687e+08
1.4564e+09
3.5048e+09
4.0498e+09
3.9299e+09
3.4321e+08
2.8604e+09
1.0249e+09
3.3484e+09
1.2541e+09
4.2841e+09
2.7841e+09
3.3746e+09
2.271e+09
2.3195e+09
3.8934e+09
4.2082e+09
3.0383e+09
2.2243e+09
3.7453e+09
7.9289e+08
2.3682e+09
9.8262e+08
9.5324e+07
1.9382e+09
1.643e+09
2.3602e+09
1.8596e+09
3.4323e+09
3.8023e+09
1.034e+09
2.0661e+09
3.2702e+09
7.1711e+08
8.8297e+08
2.4737e+09
1.2018e+09
1.7967e+09
8.6099e+08
3.7132e+09
1.2611e+08
1.7334e+09
2.8577e+09
1.146e+09
3.8734e+09
3.7338e+09
3.2028e+09
2.1084e+09
3.458e+09
3.3925e+09
8.8654e+08
1.9334e+09
3.5561e+09
1.1663e+09
3.9541e+08
3.2621e+08
2.8304e+09
4.7422e+08
3.0768e+09
7.253e+08
2.8964e+09
5.9727e+08
4.2889e+08
9.5559e+08
3.2684e+09
1.569e+09
2.9773e+09
1.6004e+08
2.1943e+09
1.7052e+09
4.0816e+09
3.3791e+08
1.4838e+08
3.3706e+09
3.3322e+09
2.3243e+08
9.457e+07
3.5783e+09
2.4358e+09
2.7646e+09
3.7734e+09
6.1372e+08
3.5666e+09
2.182e+08
6.4695e+08
2.2187e+09
1.3398e+09
2.0884e+09
1.2282e+09
3.084e+09
1.551e+09
1.2361e+09
4.0487e+09
3.4057e+09
1.5444e+09
7.0138e+07
1.0236e+09
3.003e+09
3.8123e+09
2.3096e+09
4.1394e+09
5.6486e+08
2.5374e+09
6.1257e+06
1.1739e+08
1.5708e+09
2.1338e+09
2.1364e+09
4.2691e+09
1.112e+09
3.7446e+09
2.7421e+09
2.8191e+09
1.7063e+09
3.3882e+09
4.0244e+08
2.8e+09
4.578e+07
3.25e+09
1.6438e+09
3.9962e+09
2.3408e+09
4.2191e+09
4.1173e+09
3.5195e+09
3.7791e+09
2.6161e+09
2.9467e+08
3.6041e+09
2.0319e+09
6.2235e+08
6.4234e+08
4.0617e+09
2.685e+09
4.1515e+09
1.1682e+09
3.2688e+09
4.2903e+09
2.0216e+09
2.017e+09
4.1664e+08
1.0955e+09
2.9186e+09
3.615e+09
1.9285e+09
1.8343e+09
6.395e+08
1.1883e+09
1.4072e+09
1.7218e+09
2.9728e+09
1.1581e+09
1.7664e+09
1.232e+09
2.2492e+09
7.8933e+08
1.0251e+09
1.5885e+09
1.1143e+09
4.0188e+08
3.7511e+09
2.4699e+09
3.4474e+08
3.1179e+09
2.6406e+09
1.7902e+09
2.1182e+09
3.1837e+09
2.8921e+09
3.5269e+09
4.985e+07
2.8907e+09
2.7296e+09
3.5462e+09
9.0524e+08
2.8533e+09
2.8653e+09
1.2529e+09
1.7667e+09
2.7943e+09
6.2448e+08
4.7039e+08
9.531e+07
2.3349e+09
1.1725e+09
1.6369e+09
4.3496e+08
1.1656e+09
7.353e+08
1.1414e+09
9.5262e+07
6.8454e+08
1.8187e+09
2.4711e+09
2.8086e+09
7.1399e+08
1.1257e+09
2.0721e+09
2.706e+09
1.7581e+09
4.0133e+09
2.2906e+09
2.3097e+09
2.0491e+09
7.8859e+08
1.2309e+09
4.275e+09
5.0688e+08
2.2315e+09
3.0202e+09
2.8927e+09
3.8299e+09
3.8194e+09
1.6495e+09
2.3308e+09
3.6069e+09
2.8259e+09
1.7701e+09
8.0041e+08
3.6703e+08
4.8649e+08
1.6122e+09
2.1819e+09
1.1818e+09
6.7233e+08
3.9909e+09
9.9765e+07
1.3007e+09
1.4789e+09
5.3433e+08
3.7769e+09
3.0746e+09
4.2652e+08
1.0375e+09
2.5965e+09
1.3909e+09
3.0406e+09
1.312e+09
2.8742e+09
8.6657e+08
1.9925e+08
3.4036e+09
1.9148e+08
2.4944e+09
3.4762e+09
1.9382e+09
3.8284e+09
7.3961e+08
2.2993e+09
2.3765e+09
4.0261e+09
3.3713e+09
2.544e+08
1.9503e+09
6.076e+08
1.48e+09
3.828e+09
2.7958e+08
1.2217e+09
3.5921e+08
3.5421e+09
3.6006e+09
2.3401e+09
1.6486e+09
2.3678e+09
2.4973e+09
7.2879e+08
2.3747e+09
5.0584e+08
3.3709e+09
1.4562e+09
1.2239e+09
9.4787e+08
3.6478e+09
4.0747e+09
1.2994e+09
3.8233e+09
3.9262e+09
1.7036e+09
2.9188e+08
1.5049e+09
6.6546e+07
4.0077e+09
1.4128e+09
2.7168e+09
2.3556e+09
1.9854e+09
7.551e+08
2.1745e+08
3.4682e+09
1.9736e+09
1.4582e+09
3.677e+09
1.6331e+09
2.5719e+09
3.31e+09
3.3923e+09
1.6469e+09
3.9009e+09
2.5017e+09
2.1842e+09
2.518e+09
1.9231e+09
2.6497e+09
1.6175e+08
1.5693e+09
4.3662e+08
9.5011e+08
6.9985e+07
4.08e+09
3.3163e+09
3.9042e+09
5.8732e+08
3.3994e+09
1.6708e+09
5.0764e+08
2.2869e+09
3.8489e+09
2.8702e+09
1.5932e+09
2.7193e+09
3.3287e+09
2.0247e+08
2.1969e+09
2.439e+09
1.2924e+09
2.8124e+09
2.2236e+09
2.0887e+09
4.9238e+08
3.5129e+09
1.3741e+09
1.7617e+08
3.1776e+09
3.9504e+09
1.2502e+09
1.9402e+08
2.532e+07
4.2331e+09
8.2817e+08
7.2677e+08
7.1218e+07
2.2885e+09
1.6158e+08
1.2621e+08
4.1973e+09
2.8309e+09
6.7808e+08
4.1484e+09
1.9148e+09
2.5719e+09
3.3372e+09
3.6253e+09
3.2387e+09
6.8308e+08
1.6317e+09
2.5101e+08
1.1083e+09
2.2193e+09
2.0378e+09
2.1831e+09
2.014e+09
3.1379e+09
2.1521e+08
3.7208e+09
3.1524e+09
1.4765e+09
2.3913e+09
3.975e+09
2.0156e+09
3.8457e+09
3.5444e+09
4.265e+09
3.2769e+09
3.6176e+09
2.2963e+09
3.6255e+09
2.1083e+09
1.9888e+09
2.6602e+09
4.6784e+08
2.5662e+09
2.0141e+09
2.7578e+09
2.0672e+09
2.7476e+09
2.6275e+09
2.1333e+09
4.291e+09
3.8747e+09
3.2698e+09
3.5659e+09
5.8638e+07
2.2175e+08
7.9435e+08
1.3052e+09
7.0877e+08
4.4915e+08
3.2136e+08
2.6983e+09
3.9208e+09
4.1398e+09
7.932e+08
1.3995e+09
1.427e+09
4.1351e+09
282
