15
16
13
44
18
1
6
1
27
17
3
43
31
36
1
0
31
13
44
45
45
17
58
31
1
6
22
3
23
6
22
32
1
6
27
2
9
5
23
14
32
0
39
2
32
7
44
50
7
20
32
47
28
16
55
13
7
4
1
32
1
11
2
13
2
10
36
11
1
3
5
27
7
49
39
12
1
5
16
1
34
16
32
35
39
34
35
15
36
20
68
2
13
48
16
2
6
23
6
8
55
10
41
4
36
32
48
30
3
30
2
21
9
9
64
5
4
9
9
110
34
12
49
36
42
9
40
7
34
20
27
35
21
31
45
45
6
12
3
8
14
39
36
48
42
12
17
23
25
68
39
53
39
26
38
1
8
15
45
27
13
16
4
5
14
37
18
13
50
21
56
6
13
43
12
8
11
39
33
85
39
21
57
23
10
30
14
29
13
42
27
7
29
30
9
38
6
43
1
21
36
32
21
13
1
64
20
32
10
33
24
5
17
6
41
4
27
46
6
56
33
27
6
60
14
17
1
9
8
27
3
26
35
10
7
32
0
18
34
53
38
14
81
5
48
44
1
50
34
4
14
33
40
64
34
24
27
27
50
4
55
3
39
11
44
30
36
25
11
45
15
13
5
11
43
1
24
0
5
36
52
1
32
36
19
12
4
25
23
10
44
6
15
57
7
33
35
2
12
0
4
20
1
9
14
21
0
7
37
17
0
9
17
52
11
21
9
52
5
18
1
10
5
7
12
31
41
3
49
43
7
2
24
47
1
5
1
7
33
2
13
2
22
31
4
16
4
14
3
30
0
18
25
13
24
9
18
11
8
12
27
5
1
9
5
42
0
0
10
18
25
27
2
10
1
4
9
6
20
2
0
15
20
9
